 -0.6371511513694523E+00
 -0.6838352036584576E+00
 -0.7278736290666232E+00
 -0.7690960519506523E+00
 -0.8073429910770800E+00
 -0.8424664766734273E+00
 -0.8743306229292969E+00
 -0.9028121537364593E+00
 -0.9278008796368964E+00
 -0.9492001241357635E+00
 -0.9669270977315469E+00
 -0.9809132182175399E+00
 -0.9911043760162649E+00
 -0.9974611435209207E+00
 -0.9999589276343511E+00
 -0.9985880649156794E+00
 -0.9933538589666842E+00
 -0.9842765599134148E+00
 -0.9713912860624933E+00
 -0.9547478880352533E+00
 -0.9344107559053892E+00
 -0.9104585700862723E+00
 -0.8829839969317156E+00
 -0.8520933302278484E+00
 -0.8179060799631076E+00
 -0.7805545099673068E+00
 -0.7401831262085757E+00
 -0.6969481177278399E+00
 -0.6510167523737659E+00
 -0.6025667296759514E+00
 -0.5517854933599630E+00
 -0.4988695061639802E+00
 -0.4440234897626239E+00
 -0.3874596327385710E+00
 -0.3293967696661463E+00
 -0.2700595344828688E+00
 -0.2096774914243851E+00
 -0.1484842468850384E+00
 -0.8671654564011118E-01
 -0.2461335492628259E-01
  0.3758506007618859E-01
  0.9963806578276999E-01
  0.1613055911692452E+00
  0.2223490565598713E+00
  0.2825322966457943E+00
  0.3416224741627509E+00
  0.3993909806932091E+00
  0.4556143211079283E+00
  0.5100749782251942E+00
  0.5625622543425379E+00
  0.6128730863852168E+00
  0.6608128315178022E+00
  0.7061960201794959E+00
  0.7488470736298303E+00
  0.7886009832287060E+00
  0.8253039488227663E+00
  0.8588139737683106E+00
  0.8890014142887213E+00
  0.9157494810410556E+00
  0.9389546909513201E+00
  0.9585272675703822E+00
  0.9743914884016125E+00
  0.9864859778565122E+00
  0.9947639447049422E+00
  0.9991933631013030E+00
  0.9997570964863096E+00
  0.9964529638850111E+00
  0.9892937483445563E+00
  0.9783071474790715E+00
  0.9635356663129691E+00
  0.9450364528372671E+00
  0.9228810769151136E+00
  0.8971552533918878E+00
  0.8679585104811185E+00
  0.8354038047091586E+00
  0.7996170839083278E+00
  0.7607367999492192E+00
  0.7189133730973066E+00
  0.6743086100661596E+00
  0.6270950780187045E+00
  0.5774554369383924E+00
  0.5255817329532088E+00
  0.4716746553465137E+00
  0.4159427601291927E+00
  0.3586016631769615E+00
  0.2998732060544363E+00
  0.2399845977532111E+00
  0.1791675356644130E+00
  0.1176573091865042E+00
  0.5569188943630800E-01
 -0.6488991415010265E-02
 -0.6864476761914032E-01
 -0.1305349705527796E+00
 -0.1919201590440127E+00
 -0.2525628457236941E+00
 -0.3122284158179470E+00
 -0.3706860348271379E+00
 -0.4277095415797158E+00
 -0.4830783232058529E+00
 -0.5365781686457729E+00
