           BREAK
 -0.3058168053246569E+00
 -0.3644163868238529E+00
 -0.4216060978307947E+00
 -0.4771646867841395E+00
 -0.5308772113809964E+00
 -0.5825358704800896E+00
 -0.6319408082928765E+00
 -0.6789008877712714E+00
 -0.7232344302154465E+00
 -0.7647699182523563E+00
 -0.8033466594745944E+00
 -0.8388154081792054E+00
 -0.8710389428064599E+00
 -0.8998925968486763E+00
 -0.9252647411781511E+00
 -0.9470572159304185E+00
 -0.9651857102736257E+00
 -0.9795800885959726E+00
 -0.9901846618501233E+00
 -0.9969584030054169E+00
 -0.9998751057747683E+00
 -0.9989234860024655E+00
 -0.9941072253208012E+00
 -0.9854449569067901E+00
 -0.9729701933941414E+00
 -0.9567311972194383E+00
 -0.9367907939041706E+00
 -0.9132261289949959E+00
 -0.8861283696026088E+00
 -0.8556023516938963E+00
 -0.8217661745019452E+00
 -0.7847507436230535E+00
 -0.7446992645684073E+00
 -0.7017666887297800E+00
 -0.6561191139026986E+00
 -0.6079331416863424E+00
 -0.5573951942462626E+00
 -0.5047007930832395E+00
 -0.4500538025985801E+00
 -0.3936656413823537E+00
 -0.3357544642759369E+00
 -0.2765443183733126E+00
 -0.2162642762263910E+00
 -0.1551475496078036E+00
 -0.9343058725986282E-01
 -0.3135216012031116E-01
  0.3084756243604957E-01
  0.9292794176601507E-01
  0.1546488009421393E+00
  0.2157713539506064E+00
  0.2760591295079342E+00
  0.3352788859224272E+00
  0.3932015134609738E+00
  0.4496029207300918E+00
  0.5042649016420004E+00
  0.5569759796115802E+00
  0.6075322257182000E+00
  0.6557380476670922E+00
  0.7014069464979469E+00
  0.7443622381131568E+00
  0.7844377368342658E+00
  0.8214783983420773E+00
  0.8553409195130024E+00
  0.8858942928310088E+00
  0.9130203132302462E+00
  0.9366140354074859E+00
  0.9565841798351101E+00
  0.9728534859038722E+00
  0.9853590108291834E+00
  0.9940523731645216E+00
  0.9988999399798455E+00
  0.9998829569808695E+00
  0.9969976210657849E+00
  0.9902550950387214E+00
  0.9796814644230263E+00
  0.9653176365414415E+00
  0.9472191822536221E+00
  0.9254561209632718E+00
  0.9001126497266732E+00
  0.8712868175106367E+00
  0.8390901458600936E+00
  0.8036471974429018E+00
  0.7650950941410855E+00
  0.7235829865529105E+00
  0.6792714769581946E+00
  0.6323319979792875E+00
  0.5829461493415565E+00
  0.5313049952993322E+00
  0.4776083254454222E+00
  0.4220638817639898E+00
  0.3648865549171754E+00
  0.3062975528748729E+00
  0.2465235451040616E+00
  0.1857957856286792E+00
  0.1243492183527267E+00
  0.6242156810794035E-01
  0.2524209426076258E-03
 -0.6191770279031340E-01
 -0.1238482789597182E+00
 -0.1852997101974845E+00
