           BREAK
 -0.9130889442435949E+00
 -0.9366729813946654E+00
 -0.9566332127144479E+00
 -0.9728924159602642E+00
 -0.9853876874415836E+00
 -0.9940706853848428E+00
 -0.9989078169600291E+00
 -0.9998803682458061E+00
 -0.9969845766306159E+00
 -0.9902316453698113E+00
 -0.9796477002426023E+00
 -0.9652736884765672E+00
 -0.9471652203308218E+00
 -0.9253923539507365E+00
 -0.9000393243265822E+00
 -0.8712042174047153E+00
 -0.8389985906121048E+00
 -0.8035470412623160E+00
 -0.7649867245127108E+00
 -0.7234668227377883E+00
 -0.6791479683715596E+00
 -0.6322016224518665E+00
 -0.5828094112709388E+00
 -0.5311624236985470E+00
 -0.4774604718962953E+00
 -0.4219113182831796E+00
 -0.3647298717431516E+00
 -0.3061373561843972E+00
 -0.2463604546670098E+00
 -0.1856304324102701E+00
 -0.1241822420724382E+00
 -0.6225361476456397E-01
 -0.8414031500038700E-04
  0.6208565965709649E-01
  0.1240152622731878E+00
  0.1854650739316409E+00
  0.2461973572488319E+00
  0.3059771508188966E+00
  0.3645731782337646E+00
  0.4217587428466522E+00
  0.4773126048173517E+00
  0.5310198370461902E+00
  0.5826726566852265E+00
  0.6320712290097259E+00
  0.6790244405398868E+00
  0.7233506384217679E+00
  0.7648783332068895E+00
  0.8034468623115967E+00
  0.8389070115893850E+00
  0.8711215926114410E+00
  0.8999659734220262E+00
  0.9253285607153025E+00
  0.9471112315681499E+00
  0.9652297130586965E+00
  0.9796139083018824E+00
  0.9902081676406880E+00
  0.9969715039438484E+00
  0.9998777511771004E+00
  0.9989156656344875E+00
  0.9940889694380718E+00
  0.9854163361377694E+00
  0.9729313184670109E+00
  0.9566822185337354E+00
  0.9367319009489181E+00
  0.9131575496156034E+00
  0.8860503691193761E+00
  0.8555152318755409E+00
  0.8216702723981197E+00
  0.7846464302603638E+00
  0.7445869435149874E+00
  0.7016467945339634E+00
  0.6559921104118377E+00
  0.6077995202522704E+00
  0.5572554718243508E+00
  0.5045555102323960E+00
  0.4499035213899315E+00
  0.3935109432247014E+00
  0.3355959476664002E+00
  0.2763825965818580E+00
  0.2160999749232116E+00
  0.1549813044427235E+00
  0.9326304140312926E-01
  0.3118396177429562E-01
 -0.3101576254462052E-01
 -0.9309549290359749E-01
 -0.1548150548859297E+00
 -0.2159356674963954E+00
 -0.2762208669585335E+00
 -0.3354374215470612E+00
 -0.3933562339161092E+00
 -0.4497532274323467E+00
 -0.5044102130839415E+00
 -0.5571157336114686E+00
 -0.6076658815949588E+00
 -0.6558650883320979E+00
 -0.7015268804555466E+00
 -0.7444746013621677E+00
 -0.7845420946631069E+00
 -0.8215743470105846E+00
 -0.8554280878144196E+00
