           BREAK
  0.6203870585802306E+00
  0.5704200354523558E+00
  0.5182477533856150E+00
  0.4640716962478800E+00
  0.4081011779386693E+00
  0.3505525167091855E+00
  0.2916481854402374E+00
  0.2316159406133960E+00
  0.1706879328863433E+00
  0.1090998023331473E+00
  0.4708976153557912E-01
 -0.1510233018604234E-01
 -0.7723589803334964E-01
 -0.1390705850528280E+00
 -0.2003671840520879E+00
 -0.2608885646193049E+00
 -0.3204005917526385E+00
 -0.3786730326208035E+00
 -0.4354804480070578E+00
 -0.4906030650360260E+00
 -0.5438276278453218E+00
 -0.5949482229412733E+00
 -0.6437670760695371E+00
 -0.6900953175364328E+00
 -0.7337537130347070E+00
 -0.7745733571576285E+00
 -0.8123963269270424E+00
 -0.8470762928136587E+00
 -0.8784790848907006E+00
 -0.9064832119343655E+00
 -0.9309803314656387E+00
 -0.9518756689170456E+00
 -0.9690883843042017E+00
 -0.9825518849846931E+00
 -0.9922140832950659E+00
 -0.9980375980697519E+00
 -0.9999998992626707E+00
 -0.9980933951122659E+00
 -0.9923254615129253E+00
 -0.9827184134792788E+00
 -0.9693094188138351E+00
 -0.9521503543120184E+00
 -0.9313076050609371E+00
 -0.9068618076083801E+00
 -0.8789075379956774E+00
 -0.8475529458613658E+00
 -0.8129193360312471E+00
 -0.7751406992135804E+00
 -0.7343631936150631E+00
 -0.6907445794831233E+00
 -0.6444536087621702E+00
 -0.5956693722251061E+00
 -0.5445806066059151E+00
 -0.4913849644139082E+00
 -0.4362882492545584E+00
 -0.3795036196153340E+00
 -0.3212507641969194E+00
 -0.2617550519803112E+00
 -0.2012466603180105E+00
 -0.1399596844225630E+00
 -0.7813123169766040E-01
 -0.1600050441565443E-01
  0.4619212570956280E-01
  0.1082060474740252E+00
  0.1698013410616958E+00
  0.2307397062476292E+00
  0.2907853843352445E+00
  0.3497060702609275E+00
  0.4072738113371862E+00
  0.4632658891573186E+00
  0.5174656812496641E+00
  0.5696634991478559E+00
  0.6196573996347705E+00
  0.6672539660215988E+00
  0.7122690564394407E+00
  0.7545285162484259E+00
  0.7938688518081791E+00
  0.8301378630029568E+00
  0.8631952320743255E+00
  0.8929130664833107E+00
  0.9191763937017835E+00
  0.9418836060188391E+00
  0.9609468536412884E+00
  0.9762923845674429E+00
  0.9878608299192835E+00
  0.9956074336291119E+00
  0.9995022255920861E+00
  0.9995301376147306E+00
  0.9956910617108538E+00
  0.9879998505193198E+00
  0.9764862598420796E+00
  0.9611948335247514E+00
  0.9421847311251330E+00
  0.9195294990363719E+00
  0.8933167859502503E+00
  0.8636480037614279E+00
  0.8306379352245234E+00
  0.7944142898819329E+00
  0.7551172099804194E+00
  0.7128987282879899E+00
