           BREAK
 -0.5233659462695501E+00
 -0.5753288010312317E+00
 -0.6250658170734086E+00
 -0.6723845726592693E+00
 -0.7171020014814466E+00
 -0.7590451010135223E+00
 -0.7980516018980828E+00
 -0.8339705957889652E+00
 -0.8666631192243314E+00
 -0.8960026912759108E+00
 -0.9218758028975256E+00
 -0.9441823560820732E+00
 -0.9628360511296731E+00
 -0.9777647205299769E+00
 -0.9889106081678219E+00
 -0.9962305927726759E+00
 -0.9996963547478365E+00
 -0.9992944857342753E+00
 -0.9950265404854415E+00
 -0.9869090308524769E+00
 -0.9749733619031999E+00
 -0.9592657104220598E+00
 -0.9398468462611465E+00
 -0.9167918972334477E+00
 -0.8901900584579338E+00
 -0.8601442472809652E+00
 -0.8267707051090734E+00
 -0.7901985476935375E+00
 -0.7505692656066282E+00
 -0.7080361768420700E+00
 -0.6627638336575071E+00
 -0.6149273859537893E+00
 -0.5647119036540287E+00
 -0.5123116607040231E+00
 -0.4579293834640984E+00
 -0.4017754664002047E+00
 -0.3440671581085992E+00
 -0.2850277208232319E+00
 -0.2248855666575344E+00
 -0.1638733739223271E+00
 -0.1022271869386352E+00
 -0.4018550282806593E-01
  0.2201165118622009E-01
  0.8412364639820873E-01
  0.1459101835647477E+00
  0.2071322225766373E+00
  0.2675529072583730E+00
  0.3269384817186778E+00
  0.3850591947066336E+00
  0.4416901884746364E+00
  0.4966123687093414E+00
  0.5496132521649980E+00
  0.6004877887198496E+00
  0.6490391546752169E+00
  0.6950795142281575E+00
  0.7384307461716919E+00
  0.7789251330111534E+00
  0.8164060098305901E+00
  0.8507283703988936E+00
  0.8817594281707333E+00
  0.9093791300119061E+00
  0.9334806206615904E+00
  0.9539706561345918E+00
  0.9707699644642060E+00
  0.9838135523900606E+00
  0.9930509568044104E+00
  0.9984464399841009E+00
  0.9999791278528753E+00
  0.9976430907391205E+00
  0.9914473663166139E+00
  0.9814159246395195E+00
  0.9675875754069082E+00
  0.9500158178155652E+00
  0.9287686335819964E+00
  0.9039282239343713E+00
  0.8755906915919394E+00
  0.8438656689622810E+00
  0.8088758939948196E+00
  0.7707567353315382E+00
  0.7296556685920033E+00
  0.6857317058188418E+00
  0.6391547802910368E+00
  0.5901050890850871E+00
  0.5387723959275245E+00
  0.4853552970359148E+00
  0.4300604527886823E+00
  0.3731017881962448E+00
  0.3146996652667117E+00
  0.2550800304680818E+00
  0.1944735405852519E+00
  0.1331146703537259E+00
  0.7124080532241656E-01
  0.9091323455065178E-02
 -0.5309333097658787E-01
 -0.1150725776249833E+00
 -0.1766066308253755E+00
 -0.2374574272799794E+00
 -0.2973895470786237E+00
 -0.3561711244926544E+00
 -0.4135747450183856E+00
