           BREAK
 -0.5570225469718993E+00
 -0.6075767676733648E+00
 -0.6557803893013342E+00
 -0.7014469222851062E+00
 -0.7443996922769017E+00
 -0.7844725237547464E+00
 -0.8215103829837788E+00
 -0.8553699778546733E+00
 -0.8859203122832362E+00
 -0.9130431930298192E+00
 -0.9366336869803938E+00
 -0.9566005271221014E+00
 -0.9728664656440307E+00
 -0.9853685727981851E+00
 -0.9940584803651159E+00
 -0.9989025687828211E+00
 -0.9998820972152943E+00
 -0.9969932760577529E+00
 -0.9902472815982037E+00
 -0.9796702127787187E+00
 -0.9653029902237801E+00
 -0.9472011979263635E+00
 -0.9254348682042789E+00
 -0.9000882107587374E+00
 -0.8712592868833746E+00
 -0.8390596300841532E+00
 -0.8036138145778945E+00
 -0.7650589733388329E+00
 -0.7235442675577813E+00
 -0.6792303095664599E+00
 -0.6322885414595881E+00
 -0.5829005718187251E+00
 -0.5312574731039487E+00
 -0.4775590424316280E+00
 -0.4220130285981906E+00
 -0.3648343283403915E+00
 -0.3062441549415838E+00
 -0.2464691824004991E+00
 -0.1857406684735829E+00
 -0.1242935599836613E+00
 -0.6236558385632431E-01
 -0.1963274006334007E-03
  0.6197368860763049E-01
  0.1239039404541264E+00
  0.1853548320254765E+00
  0.2460886217600834E+00
  0.3058703424240456E+00
  0.3644687101537415E+00
  0.4216570192481647E+00
  0.4772140192492397E+00
  0.5309247709168647E+00
  0.5825814777870744E+00
  0.6319842900961916E+00
  0.6789420779607364E+00
  0.7232731708218195E+00
  0.7648060602932383E+00
  0.8033800636941062E+00
  0.8388459456989279E+00
  0.8710664957000845E+00
  0.8999170586490187E+00
  0.9252860173223968E+00
  0.9470752241474683E+00
  0.9652003809159553E+00
  0.9795913649174430E+00
  0.9901925002305254E+00
  0.9969627731221290E+00
  0.9998759907216774E+00
  0.9989208823562207E+00
  0.9941011431544784E+00
  0.9854354197511057E+00
  0.9729572381464837E+00
  0.9567148740011409E+00
  0.9367711658665967E+00
  0.9132032720752158E+00
  0.8861023722296094E+00
  0.8555733144464638E+00
  0.8217342097195478E+00
  0.7847159749712226E+00
  0.7446618265603003E+00
  0.7017267262057751E+00
  0.6560767814700389E+00
  0.6078886031209856E+00
  0.5573486218592658E+00
  0.5046523670541232E+00
  0.4500037102782427E+00
  0.3936140765682518E+00
  0.3357016264623177E+00
  0.2764904119794126E+00
  0.2162095098055751E+00
  0.1550921350407143E+00
  0.9337473893469445E-01
  0.3129609410338657E-01
 -0.3090362923620394E-01
 -0.9298379243784098E-01
 -0.1547042194102348E+00
 -0.2158261258116864E+00
 -0.2761130428603085E+00
 -0.3353317321858087E+00
 -0.3932530881834367E+00
 -0.4496530243790546E+00
