  0.6810924329173164E+00
  0.6342434797492403E+00
  0.5849429572424804E+00
  0.5333811094923037E+00
  0.4797570330385236E+00
  0.4242778857927902E+00
  0.3671580687091834E+00
  0.3086183826666050E+00
  0.2488851632430552E+00
  0.1881893962452633E+00
  0.1267658170141256E+00
  0.6485199665859195E-01
  0.2687418479523432E-02
 -0.5948745206827932E-01
 -0.1214321004619783E+00
 -0.1829068957849730E+00
 -0.2436740195035437E+00
 -0.3034983868517018E+00
 -0.3621485573395863E+00
 -0.4193976309271054E+00
 -0.4750241264471659E+00
 -0.5288128389210229E+00
 -0.5805556724814634E+00
 -0.6300524457070522E+00
 -0.6771116662718686E+00
 -0.7215512719294670E+00
 -0.7631993349765190E+00
 -0.8018947274800879E+00
 -0.8374877447020855E+00
 -0.8698406843144693E+00
 -0.8988283791684250E+00
 -0.9243386815594395E+00
 -0.9462728971170163E+00
 -0.9645461666420807E+00
 -0.9790877944160330E+00
 -0.9898415217121633E+00
 -0.9967657444518839E+00
 -0.9998336741641396E+00
 -0.9990334416255757E+00
 -0.9943681427807004E+00
 -0.9858558267645128E+00
 -0.9735294260740261E+00
 -0.9574366291588881E+00
 -0.9376396959240536E+00
 -0.9142152168583111E+00
 -0.8872538167205604E+00
 -0.8568598039302223E+00
 -0.8231507670182250E+00
 -0.7862571196998218E+00
 -0.7463215963292634E+00
 -0.7034986996883066E+00
 -0.6579541032449703E+00
 -0.6098640101950717E+00
 -0.5594144717662941E+00
 -0.5068006674221276E+00
 -0.4522261497504444E+00
 -0.3959020569580789E+00
 -0.3380462960181227E+00
 -0.2788826996301769E+00
 -0.2186401602551209E+00
 -0.1575517445746486E+00
 -0.9585379180155240E-01
 -0.3378499932922322E-01
  0.2841450074219443E-01
  0.9050407063024588E-01
  0.1522434978510013E+00
  0.2133939245544879E+00
  0.2737187716193127E+00
  0.3329846539313192E+00
  0.3909622833052575E+00
  0.4474273555562326E+00
  0.5021614182890135E+00
  0.5549527160479216E+00
  0.6055970095575430E+00
  0.6538983658848136E+00
  0.6996699164654734E+00
  0.7427345800622351E+00
  0.7829257478576943E+00
  0.8200879280314771E+00
  0.8540773473278825E+00
  0.8847625072866818E+00
  0.9120246929851152E+00
  0.9357584323228630E+00
  0.9558719040731138E+00
  0.9722872931210543E+00
  0.9849410915154273E+00
  0.9937843441684650E+00
  0.9987828382536039E+00
  0.9999172355682735E+00
  0.9971831473496390E+00
  0.9905911512538748E+00
  0.9801667504332670E+00
  0.9659502748694715E+00
  0.9479967253446504E+00
  0.9263755606541303E+00
  0.9011704288838155E+00
  0.8724788437919957E+00
  0.8404118075475581E+00
  0.8050933812841583E+00
  0.7666602051317988E+00
