           BREAK
  0.8671596791825508E+00
  0.8344753453048840E+00
  0.7985696182824720E+00
  0.7595799416994944E+00
  0.7176559817188087E+00
  0.6729589933326545E+00
  0.6256611514724278E+00
  0.5759448479514693E+00
  0.5240019555983813E+00
  0.4700330612803204E+00
  0.4142466698193998E+00
  0.3568583810740343E+00
  0.2980900426934742E+00
  0.2381688812601774E+00
  0.1773266147132407E+00
  0.1157985490986042E+00
  0.5382266281966856E-01
 -0.8361318333179138E-02
 -0.7051285201275179E-01
 -0.1323915125815105E+00
 -0.1937579233486573E+00
 -0.2543746842890923E+00
 -0.3140072917504925E+00
 -0.3724250466673311E+00
 -0.4294019478299299E+00
 -0.4847175668021093E+00
 -0.5381579011418866E+00
 -0.5895162026554569E+00
 -0.6385937775046668E+00
 -0.6852007550917802E+00
 -0.7291568227618845E+00
 -0.7702919234921534E+00
 -0.8084469138776906E+00
 -0.8434741798751904E+00
 -0.8752382079274169E+00
 -0.9036161092628480E+00
 -0.9284980953449997E+00
 -0.9497879026341625E+00
 -0.9674031650198277E+00
 -0.9812757324840754E+00
 -0.9913519347639030E+00
 -0.9975927889930200E+00
 -0.9999741505201828E+00
 -0.9984868063208654E+00
 -0.9931365106410613E+00
 -0.9839439627354324E+00
 -0.9709447267860195E+00
 -0.9541890943113769E+00
 -0.9337418895984722E+00
 -0.9096822189101182E+00
 -0.8821031644382049E+00
 -0.8511114241867821E+00
 -0.8168268991782059E+00
 -0.7793822295793779E+00
 -0.7389222815427043E+00
 -0.6956035867470971E+00
 -0.6495937368073184E+00
 -0.6010707348945802E+00
 -0.5502223070768553E+00
 -0.4972451760431880E+00
 -0.4423443000218320E+00
 -0.3857320798366745E+00
 -0.3276275371697162E+00
 -0.2682554672087295E+00
 -0.2078455689583492E+00
 -0.1466315565792444E+00
 -0.8485025519343624E-01
 -0.2274068465390488E-01
  0.3945686517678383E-01
  0.1015017640612774E+00
  0.1631539723390824E+00
  0.2241749695933706E+00
  0.2843286774401453E+00
  0.3433823728696374E+00
  0.4011075886064245E+00
  0.4572809970049376E+00
  0.5116852740607318E+00
  0.5641099401948434E+00
  0.6143521745583932E+00
  0.6622175997070457E+00
  0.7075210336095819E+00
  0.7500872060812047E+00
  0.7897514368698322E+00
  0.8263602727720019E+00
  0.8597720813135046E+00
  0.8898575986979103E+00
  0.9165004299030894E+00
  0.9395974989909360E+00
  0.9590594478881516E+00
  0.9748109820952706E+00
  0.9867911619864524E+00
  0.9949536385730532E+00
  0.9992668328188599E+00
  0.9997140578132486E+00
  0.9962935833295965E+00
  0.9890186425191950E+00
  0.9779173807147579E+00
  0.9630327465415957E+00
  0.9444223257577276E+00
  0.9221581184657748E+00
