 -0.6967067182718846E+00
 -0.7399567759557077E+00
 -0.7803440838703523E+00
 -0.8177123916448420E+00
 -0.8519171287368527E+00
 -0.8828259637794804E+00
 -0.9103193165674558E+00
 -0.9342908207047217E+00
 -0.9546477351254942E+00
 -0.9713113028981616E+00
 -0.9842170559249451E+00
 -0.9933150643592440E+00
 -0.9985701297762575E+00
 -0.9999619213498979E+00
 -0.9974850545094263E+00
 -0.9911491117716448E+00
 -0.9809786056681825E+00
 -0.9670128839113554E+00
 -0.9493059771655497E+00
 -0.9279263900130900E+00
 -0.9029568359233155E+00
 -0.8744939172502376E+00
 -0.8426477514967941E+00
 -0.8075415452916209E+00
 -0.7693111177265440E+00
 -0.7281043748988925E+00
 -0.6840807376915484E+00
 -0.6374105250045169E+00
 -0.5882742948241921E+00
 -0.5368621456795843E+00
 -0.4833729811880400E+00
 -0.4280137405357887E+00
 -0.3709985978704306E+00
 -0.3125481337027669E+00
 -0.2528884815236552E+00
 -0.1922504529374643E+00
 -0.1308686446968146E+00
 -0.6898053109331739E-01
 -0.6825545215673867E-02
  0.5535584737042954E-01
  0.1173230789368822E+00
  0.1788364103029542E+00
  0.2396578583396113E+00
  0.2995521166800119E+00
  0.3582874660741253E+00
  0.4156366708654974E+00
  0.4713778581218578E+00
  0.5252953760183957E+00
  0.5771806281527737E+00
  0.6268328805640855E+00
  0.6740600383335557E+00
  0.7186793887624615E+00
  0.7605183082520697E+00
  0.7994149301508040E+00
  0.8352187709848764E+00
  0.8677913126496118E+00
  0.8970065383090849E+00
  0.9227514199307794E+00
  0.9449263555690870E+00
  0.9634455547058840E+00
  0.9782373701573841E+00
  0.9892445752631686E+00
  0.9964245852850222E+00
  0.9997496221590102E+00
  0.9992068219634133E+00
  0.9947982846867387E+00
  0.9865410661032770E+00
  0.9744671117876210E+00
  0.9586231335234447E+00
  0.9390704285846878E+00
  0.9158846425883089E+00
  0.8891554768360921E+00
  0.8589863412777310E+00
  0.8254939544378290E+00
  0.7888078918545979E+00
  0.7490700847772723E+00
  0.7064342710616839E+00
  0.6610654003883573E+00
  0.6131389961042436E+00
  0.5628404761569912E+00
  0.5103644357489237E+00
  0.4559138944860068E+00
  0.3996995109344333E+00
  0.3419387676235558E+00
  0.2828551296482251E+00
  0.2226771801257577E+00
  0.1616377358522535E+00
  0.9997294657964689E-01
  0.3792138139818808E-01
 -0.2427689424101968E-01
 -0.8638124729261365E-01
 -0.1481514080794732E+00
 -0.2093483998494332E+00
 -0.2697354633299023E+00
 -0.3290789727034978E+00
 -0.3871493394609525E+00
 -0.4437219006344473E+00
 -0.4985777879749917E+00
 -0.5515047747111665E+00
 -0.6022980966132632E+00
