           BREAK
  0.9802255536599964E+00
  0.9657800623980665E+00
  0.9476204491629611E+00
  0.9258126032465998E+00
  0.9004373408156734E+00
  0.8715899490449625E+00
  0.8393796980868803E+00
  0.8039293190389109E+00
  0.7653744467480840E+00
  0.7238630268990186E+00
  0.6795546873764819E+00
  0.6326200743810865E+00
  0.5832401542132112E+00
  0.5316054820301291E+00
  0.4779154392290021E+00
  0.4223774414174288E+00
  0.3652061192067529E+00
  0.3066224743042582E+00
  0.2468530135909636E+00
  0.1861288640542012E+00
  0.1246848716002762E+00
  0.6275868690390955E-01
  0.5898415592498013E-03
 -0.6158118211679802E-01
 -0.1235138842131432E+00
 -0.1849686798242554E+00
 -0.2457078276344853E+00
 -0.3054963509928525E+00
 -0.3641029479942461E+00
 -0.4213008871099226E+00
 -0.4768688849533497E+00
 -0.5305919628261566E+00
 -0.5822622787626311E+00
 -0.6316799318791727E+00
 -0.6786537359367860E+00
 -0.7230019591394170E+00
 -0.7645530273180692E+00
 -0.8031461877895223E+00
 -0.8386321313284317E+00
 -0.8708735698519259E+00
 -0.8997457675858490E+00
 -0.9251370236606993E+00
 -0.9469491042724718E+00
 -0.9650976227381084E+00
 -0.9795123659764046E+00
 -0.9901375661521409E+00
 -0.9969321164331149E+00
 -0.9998697300257839E+00
 -0.9989390418745244E+00
 -0.9941436526312560E+00
 -0.9855021147254533E+00
 -0.9730478605885163E+00
 -0.9568290733102383E+00
 -0.9369085002278144E+00
 -0.9133632101685842E+00
 -0.8862842952857114E+00
 -0.8557765186403355E+00
 -0.8219579088936410E+00
 -0.7849593036768920E+00
 -0.7449238434060561E+00
 -0.7020064174993451E+00
 -0.6563730651401418E+00
 -0.6082003329036607E+00
 -0.5576745917325417E+00
 -0.5049913159038836E+00
 -0.4503543267772350E+00
 -0.3939750042493545E+00
 -0.3360714689664494E+00
 -0.2768677384577736E+00
 -0.2165928604553238E+00
 -0.1554800267526585E+00
 -0.9376567103115709E-01
 -0.3168855414402886E-01
  0.3051115960303630E-01
  0.9259283160091440E-01
  0.1543162799210792E+00
  0.2154427085328200E+00
  0.2757356311586968E+00
  0.3349617861940082E+00
  0.3928920391506198E+00
  0.4493022691337888E+00
  0.5039742359223683E+00
  0.5566964242978211E+00
  0.6072648623555136E+00
  0.6554839106323902E+00
  0.7011670189980452E+00
  0.7441374483809425E+00
  0.7842289545375442E+00
  0.8212864312189940E+00
  0.8551665102470644E+00
  0.8857381161777835E+00
  0.9128829734068652E+00
  0.9364960637550450E+00
  0.9564860327630152E+00
  0.9727755431240780E+00
  0.9853015738871631E+00
  0.9940156642726459E+00
  0.9988841011576854E+00
  0.9998880495057515E+00
  0.9970236252357201E+00
