           BREAK
  0.4874941225155327E+00
  0.4322656433847119E+00
  0.3753656215356407E+00
  0.3170140007695715E+00
  0.2574363837629986E+00
  0.1968631501509324E+00
  0.1355285579481948E+00
  0.7366983144407292E-01
  0.1152623881773587E-01
 -0.5066183718838366E-01
 -0.1126538321314221E+00
 -0.1742099328129111E+00
 -0.2350920068221732E+00
 -0.2950645251842197E+00
 -0.3538954746250898E+00
 -0.4113572559915720E+00
 -0.4672275654026340E+00
 -0.5212902547658963E+00
 -0.5733361683635791E+00
 -0.6231639522978639E+00
 -0.6705808336849036E+00
 -0.7154033665992183E+00
 -0.7574581418951662E+00
 -0.7965824581691002E+00
 -0.8326249512738373E+00
 -0.8654461799556555E+00
 -0.8949191653524021E+00
 -0.9209298822687035E+00
 -0.9433777003300202E+00
 -0.9621757733105540E+00
 -0.9772513751300553E+00
 -0.9885461812205366E+00
 -0.9960164941749939E+00
 -0.9996334128055961E+00
 -0.9993829439576045E+00
 -0.9952660566466520E+00
 -0.9872986783100688E+00
 -0.9755116331868564E+00
 -0.9599505230647526E+00
 -0.9406755508557978E+00
 -0.9177612876829724E+00
 -0.8912963843790019E+00
 -0.8613832285135116E+00
 -0.8281375482754016E+00
 -0.7916879647429705E+00
 -0.7521754942739465E+00
 -0.7097530029405968E+00
 -0.6645846151205912E+00
 -0.6168450785316671E+00
 -0.5667190881666623E+00
 -0.5144005717444624E+00
 -0.4600919394413354E+00
 -0.4040033008052763E+00
 -0.3463516518829876E+00
 -0.2873600357043263E+00
 -0.2272566793721524E+00
 -0.1662741110960046E+00
 -0.1046482605856318E+00
 -0.4261754628477727E-01
  0.1957804702346265E-01
  0.8169789667114097E-01
  0.1435016730278202E+00
  0.2047502692892222E+00
  0.2652067265350049E+00
  0.3246371504767891E+00
  0.3828116163497259E+00
  0.4395050584467415E+00
  0.4944981408540392E+00
  0.5475781060191355E+00
  0.5985395978685013E+00
  0.6471854562903189E+00
  0.6933274799086474E+00
  0.7367871541979892E+00
  0.7773963421213085E+00
  0.8149979346195619E+00
  0.8494464584361308E+00
  0.8806086389245861E+00
  0.9083639156624074E+00
  0.9326049088758364E+00
  0.9532378348713588E+00
  0.9701828688665982E+00
  0.9833744538168916E+00
  0.9927615540427578E+00
  0.9983078526770278E+00
  0.9999918921677502E+00
  0.9978071572932882E+00
  0.9917621003684490E+00
  0.9818801085441190E+00
  0.9681994133269199E+00
  0.9507729426689376E+00
  0.9296681161997553E+00
  0.9049665843930085E+00
  0.8767639126765601E+00
  0.8451692117084273E+00
  0.8103047152488424E+00
  0.7723053072615783E+00
  0.7313180000741002E+00
  0.6875013656154281E+00
  0.6410249219321462E+00
  0.5920684773560183E+00
