           BREAK
  0.2851930784922665E+00
  0.2250524773653419E+00
  0.1640414965407006E+00
  0.1023960993498162E+00
  0.4035472167796603E-01
 -0.2184265456399765E-01
 -0.8395543309018766E-01
 -0.1457433365782785E+00
 -0.2069673382239458E+00
 -0.2673905880197631E+00
 -0.3267793302660804E+00
 -0.3849038088376522E+00
 -0.4415391567626076E+00
 -0.4964662667192338E+00
 -0.5494726391202195E+00
 -0.6003532045328898E+00
 -0.6489111172769745E+00
 -0.6949585171478890E+00
 -0.7383172563327787E+00
 -0.7788195887180340E+00
 -0.8163088189299263E+00
 -0.8506399086038190E+00
 -0.8816800375412912E+00
 -0.9093091175878670E+00
 -0.9334202572459770E+00
 -0.9539201752276910E+00
 -0.9707295613487451E+00
 -0.9837833833687053E+00
 -0.9930311385909222E+00
 -0.9984370492494288E+00
 -0.9999802009272390E+00
 -0.9976546234707927E+00
 -0.9914693140876630E+00
 -0.9814482025382960E+00
 -0.9676300585565015E+00
 -0.9500683418569240E+00
 -0.9288309953098034E+00
 -0.9040001820832103E+00
 -0.8756719677697091E+00
 -0.8439559487272384E+00
 -0.8089748280720945E+00
 -0.7708639409644072E+00
 -0.7297707310227022E+00
 -0.6858541798931793E+00
 -0.6392841921806128E+00
 -0.5902409381204402E+00
 -0.5389141565351259E+00
 -0.4855024207715141E+00
 -0.4302123704591260E+00
 -0.3732579120615796E+00
 -0.3148593913140330E+00
 -0.2552427407483420E+00
 -0.1946386056039864E+00
 -0.1332814515064450E+00
 -0.7140865736523892E-01
 -0.9259597001046128E-02
  0.5292528694510856E-01
  0.1149054132377195E+00
  0.1764409928088663E+00
  0.2372939564555326E+00
  0.2972288758831027E+00
  0.3560138745316997E+00
  0.4134215246615483E+00
  0.4692297272267189E+00
  0.5232225711331884E+00
  0.5751911685569209E+00
  0.6249344630902768E+00
  0.6722600075901973E+00
  0.7169847087188125E+00
  0.7589355352959980E+00
  0.7979501877233961E+00
  0.8338777258900323E+00
  0.8665791531302821E+00
  0.8959279539749682E+00
  0.9218105836151297E+00
  0.9441269071848356E+00
  0.9627905871635246E+00
  0.9777294173990985E+00
  0.9888856024595001E+00
  0.9962159812320117E+00
  0.9996921939052137E+00
  0.9993007916875881E+00
  0.9950432888382775E+00
  0.9869361568087137E+00
  0.9750107605177697E+00
  0.9593132370069815E+00
  0.9399043169452984E+00
  0.9168590896739243E+00
  0.8902667127002406E+00
  0.8602300667647316E+00
  0.8268653578153867E+00
  0.7903016674294636E+00
  0.7506804534219392E+00
  0.7081550025727065E+00
  0.6628898375898019E+00
  0.6150600806030060E+00
  0.5648507756503490E+00
  0.5124561727786732E+00
  0.4580789765279350E+00
  0.4019295617067257E+00
