 -0.2867150892334600E+00
 -0.3457200141181798E+00
 -0.4033873994238367E+00
 -0.4594941460453328E+00
 -0.5138231913205447E+00
 -0.5661643491689453E+00
 -0.6163151235342690E+00
 -0.6640814920057289E+00
 -0.7092786566029485E+00
 -0.7517317588330661E+00
 -0.7912765562636913E+00
 -0.8277600580019608E+00
 -0.8610411166270301E+00
 -0.8909909742904113E+00
 -0.9174937608747469E+00
 -0.9404469422862194E+00
 -0.9597617171480818E+00
 -0.9753633603619102E+00
 -0.9871915122083639E+00
 -0.9952004118696693E+00
 -0.9993590744708468E+00
 -0.9996514109550781E+00
 -0.9960762903296622E+00
 -0.9886475440418915E+00
 -0.9773939124680148E+00
 -0.9623589337223742E+00
 -0.9436007752169254E+00
 -0.9211920086228268E+00
 -0.8952193291047437E+00
 -0.8657832199140951E+00
 -0.8329975636388727E+00
 -0.7969892016140290E+00
 -0.7578974431969946E+00
 -0.7158735268068389E+00
 -0.6710800348122047E+00
 -0.6236902645317137E+00
 -0.5738875577803019E+00
 -0.5218645915553586E+00
 -0.4678226326068535E+00
 -0.4119707587753797E+00
 -0.3545250501106053E+00
 -0.2957077528995377E+00
 -0.2357464198388175E+00
 -0.1748730296775363E+00
 -0.1133230897365255E+00
 -0.5133472477628240E-01
  0.1085224426146694E-01
  0.7299722807440415E-01
  0.1348597997928890E+00
  0.1962006251448097E+00
  0.2567823883933900E+00
  0.3163707104656698E+00
  0.3747350557196073E+00
  0.4316496238416911E+00
  0.4868942234244900E+00
  0.5402551238444306E+00
  0.5915258821440613E+00
  0.6405081417197451E+00
  0.6870123997248307E+00
  0.7308587402193483E+00
  0.7718775302298297E+00
  0.8099100760263298E+00
  0.8448092370776376E+00
  0.8764399953094086E+00
  0.9046799774628627E+00
  0.9294199285331487E+00
  0.9505641344557372E+00
  0.9680307924055395E+00
  0.9817523272761453E+00
  0.9916756531147837E+00
  0.9977623785015618E+00
  0.9999889550784090E+00
  0.9983467686531006E+00
  0.9928421725258922E+00
  0.9834964629098387E+00
  0.9703457965398793E+00
  0.9534410507894574E+00
  0.9328476268358440E+00
  0.9086451966356889E+00
  0.8809273946896991E+00
  0.8498014557889443E+00
  0.8153878001442819E+00
  0.7778195675039569E+00
  0.7372421020617815E+00
  0.6938123901486785E+00
  0.6476984528830730E+00
  0.5990786961298188E+00
  0.5481412202825720E+00
  0.4950830925399056E+00
  0.4401095844906016E+00
  0.3834333779577547E+00
  0.3252737421741146E+00
  0.2658556854720174E+00
  0.2054090847698664E+00
  0.1441677962229883E+00
  0.8236875047959569E-01
  0.2025103604214401E-01
 -0.4194502571964130E-01
 -0.1039788103254606E+00
 -0.1656103211138014E+00
