 -0.5077388030343547E-01
 -0.1127653046496199E+00
 -0.1743204035024370E+00
 -0.2352010483183301E+00
 -0.2951717156449751E+00
 -0.3540003993647493E+00
 -0.4114595090863836E+00
 -0.4673267512621883E+00
 -0.5213859896643155E+00
 -0.5734280819246250E+00
 -0.6232516889282537E+00
 -0.6706640539503353E+00
 -0.7154817485377942E+00
 -0.7575313822631606E+00
 -0.7966502736142675E+00
 -0.8326870794317265E+00
 -0.8655023804647058E+00
 -0.8949692207838951E+00
 -0.9209735989679815E+00
 -0.9434149091657157E+00
 -0.9622063303289381E+00
 -0.9772751621119760E+00
 -0.9885631061387907E+00
 -0.9960264915503648E+00
 -0.9996364439601820E+00
 -0.9993789971644580E+00
 -0.9952551471751500E+00
 -0.9872808483668373E+00
 -0.9754869517524817E+00
 -0.9599190856269090E+00
 -0.9406374790398259E+00
 -0.9177167287813313E+00
 -0.8912455107814261E+00
 -0.8613262370400669E+00
 -0.8280746594150273E+00
 -0.7916194218004504E+00
 -0.7521015624286096E+00
 -0.7096739682203903E+00
 -0.6645007832954928E+00
 -0.6167567739307235E+00
 -0.5666266524232190E+00
 -0.5143043624744540E+00
 -0.4599923288597368E+00
 -0.4039006742860773E+00
 -0.3462464064682539E+00
 -0.2872525785681210E+00
 -0.2271474262452607E+00
 -0.1661634846575504E+00
 -0.1045366888278136E+00
 -0.4250546085705174E-01
  0.1969021248434969E-01
  0.8180970821881187E-01
  0.1436126980851188E+00
  0.2048600783217699E+00
  0.2653148947129867E+00
  0.3247432593185383E+00
  0.3829152553407472E+00
  0.4396058266279127E+00
  0.4945956483728424E+00
  0.5476719756379234E+00
  0.5986294664239551E+00
  0.6472709760984553E+00
  0.6934083201099426E+00
  0.7368630020374096E+00
  0.7774669041582971E+00
  0.8150629378633065E+00
  0.8495056514017082E+00
  0.8806617926059129E+00
  0.9084108244182162E+00
  0.9326453912252630E+00
  0.9532717341960582E+00
  0.9702100540166690E+00
  0.9833948196182691E+00
  0.9927750217041130E+00
  0.9983143700945954E+00
  0.9999914341269073E+00
  0.9977997255661060E+00
  0.9917477237068364E+00
  0.9818588425685865E+00
  0.9681713403113957E+00
  0.9507381712224652E+00
  0.9296267808463066E+00
  0.9049188450510349E+00
  0.8767099540403023E+00
  0.8451092425333664E+00
  0.8102389675440663E+00
  0.7722340353921845E+00
  0.7312414797771056E+00
  0.6874198929329969E+00
  0.6409388120662587E+00
  0.5919780634490163E+00
  0.5407270667062043E+00
  0.4873841019878311E+00
  0.4321555428616054E+00
  0.3752550578936916E+00
  0.3169027840065313E+00
  0.2573244748118628E+00
  0.1967506272138516E+00
  0.1354155896613409E+00
  0.7355665549923858E-01
