           BREAK
  0.5389774406874595E+00
  0.4855633952750074E+00
  0.4302718442802090E+00
  0.3733164565372082E+00
  0.3149173917513913E+00
  0.2553004374962629E+00
  0.1946961266526065E+00
  0.1333388382948679E+00
  0.7146588516445229E-01
  0.9316590980923616E-02
 -0.5286863906890144E-01
 -0.1148492512561093E+00
 -0.1763854761934660E+00
 -0.2372392581937426E+00
 -0.2971751776084585E+00
 -0.3559613626605286E+00
 -0.4133703873089453E+00
 -0.4691801517245231E+00
 -0.5231747420123236E+00
 -0.5751452658879764E+00
 -0.6248906611011414E+00
 -0.6722184734991146E+00
 -0.7169456017365341E+00
 -0.7588990057625681E+00
 -0.7979163763542280E+00
 -0.8338467631129157E+00
 -0.8665511585002365E+00
 -0.8959030356577977E+00
 -0.9217888379334606E+00
 -0.9441084182225111E+00
 -0.9627754264257734E+00
 -0.9777176435269108E+00
 -0.9888772609973523E+00
 -0.9962111044485179E+00
 -0.9996908006665267E+00
 -0.9993028873834744E+00
 -0.9950488653608003E+00
 -0.9869451925833892E+00
 -0.9750232205869542E+00
 -0.9593290731650937E+00
 -0.9399234679253172E+00
 -0.9168814813844222E+00
 -0.8902922585120349E+00
 -0.8602586678460371E+00
 -0.8268969035141780E+00
 -0.7903360357015620E+00
 -0.7507175113031791E+00
 -0.7081946066933461E+00
 -0.6629318347291918E+00
 -0.6151043082823733E+00
 -0.5648970627613933E+00
 -0.5125043402455520E+00
 -0.4581288380000765E+00
 -0.4019809242797798E+00
 -0.3442778244551493E+00
 -0.2852427806095874E+00
 -0.2251041878591610E+00
 -0.1640947107362669E+00
 -0.1024503830557532E+00
 -0.4040969474594482E-01
  0.2178733082255738E-01
  0.8390006544067105E-01
  0.1456882070046255E+00
  0.2069127091981188E+00
  0.2673367063160754E+00
  0.3267264296520465E+00
  0.3848521119039185E+00
  0.4414888760989731E+00
  0.4964176055992028E+00
  0.5494257918210207E+00
  0.6003083563896869E+00
  0.6488684445476964E+00
  0.6949181867475996E+00
  0.7382794254827785E+00
  0.7787844045442321E+00
  0.8162764180367617E+00
  0.8506104166436325E+00
  0.8816535687942038E+00
  0.9092857745634716E+00
  0.9334001303153447E+00
  0.9539033422920483E+00
  0.9707160875495443E+00
  0.9837733208425967E+00
  0.9930245262721860E+00
  0.9984339127217108E+00
  0.9999805523258640E+00
  0.9976584614364783E+00
  0.9914766237720987E+00
  0.9814589556617207E+00
  0.9676442135171599E+00
  0.9500858438920214E+00
  0.9288517767073722E+00
  0.9040241624440649E+00
  0.8756990543184952E+00
  0.8439860366713616E+00
  0.8090078010071414E+00
  0.7708996713244963E+00
  0.7298090805740096E+00
  0.6858950002687390E+00
  0.6393273254543226E+00
