           BREAK
  0.3421551146390228E+00
  0.2830743496071468E+00
  0.2228988250770324E+00
  0.1618612498367474E+00
  0.1001976908309817E+00
  0.3814665477278194E-01
 -0.2405183862487400E-01
 -0.8615718841868088E-01
 -0.1479291457698787E+00
 -0.2091287453711604E+00
 -0.2695192314738929E+00
 -0.3288669750234777E+00
 -0.3869423784274674E+00
 -0.4435207645145298E+00
 -0.4983832462917447E+00
 -0.5513175741724108E+00
 -0.6021189574259943E+00
 -0.6505908566952910E+00
 -0.6965457445328117E+00
 -0.7398058310281035E+00
 -0.7802037517296004E+00
 -0.8175832152079362E+00
 -0.8517996077618153E+00
 -0.8827205529318070E+00
 -0.9102264236610353E+00
 -0.9342108051240404E+00
 -0.9545809064352173E+00
 -0.9712579196454681E+00
 -0.9841773246392462E+00
 -0.9932891387531552E+00
 -0.9985581101509055E+00
 -0.9999638542068771E+00
 -0.9975009323708863E+00
 -0.9911788732092249E+00
 -0.9810221355406615E+00
 -0.9670700138101137E+00
 -0.9493764860661081E+00
 -0.9280100051302089E+00
 -0.9030532337663506E+00
 -0.8746027248746615E+00
 -0.8427685479470451E+00
 -0.8076738632297006E+00
 -0.7694544452400541E+00
 -0.7282581574815278E+00
 -0.6842443803883711E+00
 -0.6375833947137231E+00
 -0.5884557227464602E+00
 -0.5370514299055287E+00
 -0.4835693894137618E+00
 -0.4282165128960186E+00
 -0.3712069498782988E+00
 -0.3127612592848307E+00
 -0.2531055561384411E+00
 -0.1924706367654583E+00
 -0.1310910858895606E+00
 -0.6920436906905361E-01
 -0.7049913988756539E-02
  0.5513181583919593E-01
  0.1171002513819701E+00
  0.1786156488008854E+00
  0.2394400169737506E+00
  0.2993380382362841E+00
  0.3580779787804413E+00
  0.4154325851874995E+00
  0.4711799636273873E+00
  0.5251044383228076E+00
  0.5769973859569181E+00
  0.6266580427964213E+00
  0.6738942814074408E+00
  0.7185233539592413E+00
  0.7603725992400856E+00
  0.7992801106499168E+00
  0.8350953625855446E+00
  0.8676797927949575E+00
  0.8969073384477614E+00
  0.9226649238477793E+00
  0.9448528979009516E+00
  0.9633854196460609E+00
  0.9781907903567384E+00
  0.9892117309298986E+00
  0.9964056034874738E+00
  0.9997445763340701E+00
  0.9992157316323977E+00
  0.9948211153798699E+00
  0.9865777294930385E+00
  0.9745174660304797E+00
  0.9586869838086172E+00
  0.9391475278878247E+00
  0.9159746926271850E+00
  0.8892581292245998E+00
  0.8591011988737217E+00
  0.8256205728795774E+00
  0.7889457812799496E+00
  0.7492187117188287E+00
  0.7065930605106812E+00
  0.6612337380192642E+00
  0.6133162306514690E+00
  0.5630259219345036E+00
  0.5105573753030357E+00
  0.4561135813710653E+00
