 -0.3247961966971322E+00
 -0.3829669963763978E+00
 -0.4396561584071157E+00
 -0.4946443673149073E+00
 -0.5477188871644130E+00
 -0.5986743848968690E+00
 -0.6473137249500578E+00
 -0.6934487321047995E+00
 -0.7369009196210237E+00
 -0.7775021798574966E+00
 -0.8150954347118542E+00
 -0.8495352433710428E+00
 -0.8806883650258293E+00
 -0.9084342743760608E+00
 -0.9326656279350626E+00
 -0.9532886793311649E+00
 -0.9702236420011480E+00
 -0.9834049978734872E+00
 -0.9927817508479397E+00
 -0.9983176240913544E+00
 -0.9999912003867834E+00
 -0.9977960049931728E+00
 -0.9917405306952320E+00
 -0.9818482049466865E+00
 -0.9681572992341038E+00
 -0.9507207810119815E+00
 -0.9296061087819736E+00
 -0.9048949711090484E+00
 -0.8766829705843018E+00
 -0.8450792539571008E+00
 -0.8102060898675132E+00
 -0.7721983958126903E+00
 -0.7312032161772817E+00
 -0.6873791533472772E+00
 -0.6408957541081871E+00
 -0.5919328537014680E+00
 -0.5406798800769073E+00
 -0.4873351210326878E+00
 -0.4321049570784156E+00
 -0.3752030629890223E+00
 -0.3168495811385693E+00
 -0.2572702698121692E+00
 -0.1966956297910394E+00
 -0.1353600125897563E+00
 -0.7350071379577329E-01
 -0.1135705501889128E-01
  0.5083054199755541E-01
  0.1128214855217207E+00
  0.1743759446359169E+00
  0.2352557770958415E+00
  0.2952254506566617E+00
  0.3540529543015101E+00
  0.4115106958470388E+00
  0.4673763824533605E+00
  0.5214338806318658E+00
  0.5734740524236993E+00
  0.6232955645138974E+00
  0.6707056671508670E+00
  0.7155209398577337E+00
  0.7575680010505323E+00
  0.7966841788178721E+00
  0.8327181402669613E+00
  0.8655304770011703E+00
  0.8949942444640352E+00
  0.9209954530630858E+00
  0.9434335091734327E+00
  0.9622216043149636E+00
  0.9772870509974863E+00
  0.9885715639345076E+00
  0.9960314855376841E+00
  0.9996379548195513E+00
  0.9993770190510765E+00
  0.9952496877420561E+00
  0.9872719287355203E+00
  0.9754746064312483E+00
  0.9599033623774027E+00
  0.9406184386922473E+00
  0.9176944449990917E+00
  0.8912200697761549E+00
  0.8612977372380727E+00
  0.8280432110765069E+00
  0.7915851465929136E+00
  0.7520645929561733E+00
  0.7096344475107602E+00
  0.6644588642466165E+00
  0.6167126187192579E+00
  0.5665804318770997E+00
  0.5142562554119959E+00
  0.4599425213978202E+00
  0.4038493591200962E+00
  0.3461937821266153E+00
  0.2871988486441809E+00
  0.2270927986096546E+00
  0.1661081706539877E+00
  0.1044809024554301E+00
  0.4244941794248344E-01
 -0.1974629512195319E-01
 -0.8186561360661872E-01
 -0.1436682099360442E+00
 -0.2049149818712465E+00
