 -0.5403023036985819E+00
 -0.5915710947727538E+00
 -0.6405512092530478E+00
 -0.6870531535816726E+00
 -0.7308970214462007E+00
 -0.7719131898955230E+00
 -0.8099429756454387E+00
 -0.8448392490415164E+00
 -0.8764670033090750E+00
 -0.9047038768918259E+00
 -0.9294406268612464E+00
 -0.9505815515672869E+00
 -0.9680448608968298E+00
 -0.9817629927085680E+00
 -0.9916828742208940E+00
 -0.9977661273421199E+00
 -0.9999892171490283E+00
 -0.9983435429396117E+00
 -0.9928354715079042E+00
 -0.9834863125122963E+00
 -0.9703322360327109E+00
 -0.9534241326356332E+00
 -0.9328274164884101E+00
 -0.9086217722845481E+00
 -0.8809008469591111E+00
 -0.8497718873869207E+00
 -0.8153553254652278E+00
 -0.7777843121861000E+00
 -0.7372042025010980E+00
 -0.6937719929712085E+00
 -0.6476557143776472E+00
 -0.5990337816434129E+00
 -0.5480943035806071E+00
 -0.4950343551339855E+00
 -0.4400592149362820E+00
 -0.3833815711250564E+00
 -0.3252206984936086E+00
 -0.2658016101594006E+00
 -0.2053541870320186E+00
 -0.1441122884485918E+00
 -0.8231284741744728E-01
 -0.2019495397033005E-01
  0.4200106983048121E-01
  0.1040345996515487E+00
  0.1656656398170744E+00
  0.2266557518055475E+00
  0.2867689767220609E+00
  0.3457727481774404E+00
  0.4034387920424216E+00
  0.4595440095959100E+00
  0.5138713406505945E+00
  0.5662106033166414E+00
  0.6163593071545983E+00
  0.6641234365715626E+00
  0.7093182014298236E+00
  0.7517687519640055E+00
  0.7913108552408407E+00
  0.8277915305444844E+00
  0.8610696412291857E+00
  0.8910164407495504E+00
  0.9175160707559146E+00
  0.9404660093277926E+00
  0.9597774676112700E+00
  0.9753757333258295E+00
  0.9872004598116532E+00
  0.9952058994991231E+00
  0.9993610808972824E+00
  0.9996499284165177E+00
  0.9960713245618894E+00
  0.9886391142565071E+00
  0.9773820512782068E+00
  0.9623436870167749E+00
  0.9435822019820770E+00
  0.9211701807149731E+00
  0.8951943309718253E+00
  0.8657551482690340E+00
  0.8329665270854092E+00
  0.7969553202265576E+00
  0.7578608480560185E+00
  0.7158343594918470E+00
  0.6710384468539310E+00
  0.6236464168258881E+00
  0.5738416199651809E+00
  0.5218167413554271E+00
  0.4677730551452388E+00
  0.4119196458576501E+00
  0.3544725994827088E+00
  0.2956541674827646E+00
  0.2356919069447347E+00
  0.1748178002059404E+00
  0.1132673573595122E+00
  0.5127870511159354E-01
 -0.1090833448463286E-01
 -0.7305317185386960E-01
 -0.1349153806930368E+00
 -0.1962556281339362E+00
 -0.2568366006756163E+00
 -0.3164239223042061E+00
 -0.3747870612481893E+00
 -0.4317002218610316E+00
