           BREAK
  0.6956032928957564E+00
  0.6495813550186075E+00
  0.6010486921966739E+00
  0.5501925392718909E+00
  0.4972092316917052E+00
  0.4423034236846886E+00
  0.3856872784357275E+00
  0.3275796326549151E+00
  0.2682051381553811E+00
  0.2077933832475357E+00
  0.1465779969224906E+00
  0.8479573893740053E-01
  0.2268557903173121E-01
 -0.3951223140288439E-01
 -0.1015570918041865E+00
 -0.1632089856252129E+00
 -0.2242294107450760E+00
 -0.2843823036110886E+00
 -0.3434349536226522E+00
 -0.4011589042883294E+00
 -0.4573308377249995E+00
 -0.5117334391212638E+00
 -0.5641562378556889E+00
 -0.6143964220434639E+00
 -0.6622596233818958E+00
 -0.7075606692753527E+00
 -0.7501242993430484E+00
 -0.7897858435478543E+00
 -0.8263918593304221E+00
 -0.8598007252896451E+00
 -0.8898831891171374E+00
 -0.9165228676692619E+00
 -0.9396166972445480E+00
 -0.9590753323263145E+00
 -0.9748234912491918E+00
 -0.9868002474532032E+00
 -0.9949592651992858E+00
 -0.9992689788348095E+00
 -0.9997127149158781E+00
 -0.9962887567141760E+00
 -0.9890103508589512E+00
 -0.9779056560885261E+00
 -0.9630176343096849E+00
 -0.9444038843864270E+00
 -0.9221364193011602E+00
 -0.8963013875504628E+00
 -0.8669987398532819E+00
 -0.8343418424610176E+00
 -0.7984570385655180E+00
 -0.7594831595018162E+00
 -0.7175709876366611E+00
 -0.6728826730208390E+00
 -0.6255911060621234E+00
 -0.5758792486458774E+00
 -0.5239394262910615E+00
 -0.4699725840801636E+00
 -0.4141875092417110E+00
 -0.3568000233930458E+00
 -0.2980321475684111E+00
 -0.2381112432627024E+00
 -0.1772691328140138E+00
 -0.1157412025280449E+00
 -0.5376549201421352E-01
  0.8418226743350079E-02
  0.7056937701702885E-01
  0.1324475080803443E+00
  0.1938132254651022E+00
  0.2544291171320877E+00
  0.3140606719721195E+00
  0.3724771870839744E+00
  0.4294526603190985E+00
  0.4847666646400077E+00
  0.5382052009096824E+00
  0.5895615258126476E+00
  0.6386369517047022E+00
  0.6852416152968167E+00
  0.7291952121993095E+00
  0.7703276944845061E+00
  0.8084799285691388E+00
  0.8435043108712604E+00
  0.8752653388598328E+00
  0.9036401352876940E+00
  0.9285189235797570E+00
  0.9498054525372509E+00
  0.9674173687149140E+00
  0.9812865350304710E+00
  0.9913592943737719E+00
  0.9975966771957231E+00
  0.9999745522739056E+00
  0.9984837200715843E+00
  0.9931299483289306E+00
  0.9839339497487551E+00
  0.9709313018630833E+00
  0.9541723093905981E+00
  0.9337218096174530E+00
  0.9096589215544089E+00
  0.8820767398407533E+00
  0.8510819745792234E+00
  0.8167945384953490E+00
  0.7793470830184165E+00
