 -0.9358968266177790E+00
 -0.9559871860080333E+00
 -0.9723790166757571E+00
 -0.9850089018208656E+00
 -0.9938279788757836E+00
 -0.9988021285469081E+00
 -0.9999121068165384E+00
 -0.9971536193948281E+00
 -0.9905373383338857E+00
 -0.9800888607398452E+00
 -0.9658486097427199E+00
 -0.9478716781071937E+00
 -0.9262276150894319E+00
 -0.9010001573645197E+00
 -0.8722869050655293E+00
 -0.8401989441875662E+00
 -0.8048604168176303E+00
 -0.7664080408530006E+00
 -0.7249905810662480E+00
 -0.6807682735632328E+00
 -0.6339122058607396E+00
 -0.5846036549821112E+00
 -0.5330333861316645E+00
 -0.4794009146611701E+00
 -0.4239137341837188E+00
 -0.3667865138212399E+00
 -0.3082402676913721E+00
 -0.2485014998467780E+00
 -0.1878013279749655E+00
 -0.1263745892488552E+00
 -0.6445893178737780E-01
 -0.2293895241070814E-02
  0.5988001594029572E-01
  0.1218222629727123E+00
  0.1832932033357572E+00
  0.2440550179029521E+00
  0.3038726310177633E+00
  0.3625146199556492E+00
  0.4197541102536231E+00
  0.4753696534434763E+00
  0.5291460837928822E+00
  0.5808753507398148E+00
  0.6303573237997560E+00
  0.6774005668316595E+00
  0.7218230786671953E+00
  0.7634529972379076E+00
  0.8021292644761737E+00
  0.8377022494175793E+00
  0.8700343270940500E+00
  0.8990004109781169E+00
  0.9244884369183930E+00
  0.9463997966940015E+00
  0.9646497195106301E+00
  0.9791675999622607E+00
  0.9898972711897742E+00
  0.9967972221796139E+00
  0.9998407583618344E+00
  0.9990161048862053E+00
  0.9943264521768207E+00
  0.9857899435889679E+00
  0.9734396052160103E+00
  0.9573232181178474E+00
  0.9375031334652770E+00
  0.9140560313154280E+00
  0.8870726239515161E+00
  0.8566573049346410E+00
  0.8229277452253811E+00
  0.7860144379377041E+00
  0.7460601934864612E+00
  0.7032195870816362E+00
  0.6576583607068837E+00
  0.6095527818959973E+00
  0.5590889617880588E+00
  0.5064621350996025E+00
  0.4518759047994209E+00
  0.3955414544082309E+00
  0.3376767309706618E+00
  0.2785056018604776E+00
  0.2182569886811951E+00
  0.1571639816128775E+00
  0.9546293763150640E-01
  0.3339256608975574E-01
 -0.2880699480311604E-01
 -0.9089510702934725E-01
 -0.1526315637444203E+00
 -0.2137775185906708E+00
 -0.2740964097474538E+00
 -0.3333548751428638E+00
 -0.3913236552862609E+00
 -0.4477784802287024E+00
 -0.5025009372198057E+00
 -0.5552793157042479E+00
 -0.6059094263887809E+00
 -0.6541953912109355E+00
 -0.6999504011531916E+00
 -0.7429974389707839E+00
 -0.7831699640370230E+00
 -0.8203125566566322E+00
 -0.8542815193543540E+00
 -0.8849454328125645E+00
