           BREAK
 -0.4356824183529475E+00
 -0.4907985686251748E+00
 -0.5440159083208467E+00
 -0.5951285518885676E+00
 -0.6439387558350875E+00
 -0.6902576839274267E+00
 -0.7339061378890501E+00
 -0.7747152507744602E+00
 -0.8125271403483746E+00
 -0.8471955199483275E+00
 -0.8785862644724318E+00
 -0.9065779293063969E+00
 -0.9310622201849912E+00
 -0.9519444121722495E+00
 -0.9691437161410021E+00
 -0.9825935913349868E+00
 -0.9922420028050982E+00
 -0.9980516227243694E+00
 -0.9999999748032120E+00
 -0.9980795212464799E+00
 -0.9922976919161033E+00
 -0.9826768555865966E+00
 -0.9692542334047067E+00
 -0.9520817548880703E+00
 -0.9312258570200139E+00
 -0.9067672272177713E+00
 -0.8788004911685403E+00
 -0.8474338467410795E+00
 -0.8127886453891702E+00
 -0.7749989226664189E+00
 -0.7342108796687352E+00
 -0.6905823174106975E+00
 -0.6442820263240826E+00
 -0.5954891332404768E+00
 -0.5443924083843615E+00
 -0.4911895350577882E+00
 -0.4360863448420855E+00
 -0.3792960212754570E+00
 -0.3210382750872857E+00
 -0.2615384941800056E+00
 -0.2010268716470930E+00
 -0.1397375152007034E+00
 -0.7790754145441790E-01
 -0.1577615856512442E-01
  0.4641625921686762E-01
  0.1084291015091068E+00
  0.1700224526718245E+00
  0.2309580199949399E+00
  0.2910000556062613E+00
  0.3499162685342050E+00
  0.4074787233964400E+00
  0.4634647222375999E+00
  0.5176576661044111E+00
  0.5698478930249630E+00
  0.6198334891501479E+00
  0.6674210699191199E+00
  0.7124265282265898E+00
  0.7546757466974489E+00
  0.7940052713130712E+00
  0.8302629437831557E+00
  0.8633084902165913E+00
  0.8930140638138936E+00
  0.9192647394816319E+00
  0.9419589584552932E+00
  0.9610089212104103E+00
  0.9763409271418655E+00
  0.9878956596972160E+00
  0.9956284158609104E+00
  0.9995092791015712E+00
  0.9995232351132454E+00
  0.9956702299028344E+00
  0.9879651699989856E+00
  0.9764378647816262E+00
  0.9611329111552653E+00
  0.9421095210122341E+00
  0.9194412921533748E+00
  0.8932159235524494E+00
  0.8635348760658476E+00
  0.8305129799002393E+00
  0.7942779903568196E+00
  0.7549700935708626E+00
  0.7127413641587969E+00
  0.6677551768710612E+00
  0.6201855745269331E+00
  0.5702165946766665E+00
  0.5180415575959706E+00
  0.4638623183674110E+00
  0.4078884859423165E+00
  0.3503366122044609E+00
  0.2914293541728951E+00
  0.2313946125851956E+00
  0.1704646501937871E+00
  0.1088751931864668E+00
  0.4686451920758659E-01
 -0.1532746449186750E-01
 -0.7746014920882689E-01
 -0.1392931556564631E+00
 -0.2005872639449539E+00
 -0.2611053390767674E+00
 -0.3206132483758938E+00
