           BREAK
 -0.7248360198032981E+00
 -0.7662638919642979E+00
 -0.8047272374263251E+00
 -0.8400772491891811E+00
 -0.8721771650610063E+00
 -0.9009027967895532E+00
 -0.9261430105395926E+00
 -0.9478001568598121E+00
 -0.9657904484773802E+00
 -0.9800442844597576E+00
 -0.9905065194904782E+00
 -0.9971366772177375E+00
 -0.9999091068507977E+00
 -0.9988130823986605E+00
 -0.9938528441672629E+00
 -0.9850475823547845E+00
 -0.9724313628086126E+00
 -0.9560529952312449E+00
 -0.9359758443450522E+00
 -0.9122775847464788E+00
 -0.8850499003981195E+00
 -0.8543981299212756E+00
 -0.8204408590612914E+00
 -0.7833094619023401E+00
 -0.7431475926066190E+00
 -0.7001106296442974E+00
 -0.6543650746644059E+00
 -0.6060879083323000E+00
 -0.5554659056258486E+00
 -0.5026949132393294E+00
 -0.4479790918906133E+00
 -0.3915301264630108E+00
 -0.3335664070375804E+00
 -0.2743121839843307E+00
 -0.2139967003811031E+00
 -0.1528533051166402E+00
 -0.9111855010906370E-01
 -0.2903127513246026E-01
  0.3316831620780698E-01
  0.9523958577618190E-01
  0.1569423918891162E+00
  0.2180380183765900E+00
  0.2782900981285983E+00
  0.3374655275535830E+00
  0.3953353684109422E+00
  0.4516757335286105E+00
  0.5062686529790306E+00
  0.5589029173624621E+00
  0.6093748949351168E+00
  0.6574893194208133E+00
  0.7030600454582721E+00
  0.7459107687613513E+00
  0.7858757082060804E+00
  0.8228002472056251E+00
  0.8565415318918227E+00
  0.8869690237890465E+00
  0.9139650048422103E+00
  0.9374250328450524E+00
  0.9572583455067433E+00
  0.9733882115935566E+00
  0.9857522277871054E+00
  0.9943025601106595E+00
  0.9990061289895085E+00
  0.9998447372294081E+00
  0.9968151404179926E+00
  0.9899290594767746E+00
  0.9792131353151756E+00
  0.9647088257620253E+00
  0.9464722451732728E+00
  0.9245739473364484E+00
  0.8990986525117605E+00
  0.8701449196658738E+00
  0.8378247651664068E+00
  0.8022632294123737E+00
  0.7635978930771674E+00
  0.7219783448356611E+00
  0.6775656026346887E+00
  0.6305314907458875E+00
  0.5810579750109690E+00
  0.5293364588512314E+00
  0.4755670427649044E+00
  0.4199577501771909E+00
  0.3627237226380527E+00
  0.3040863874813471E+00
  0.2442726011654836E+00
  0.1835137716098638E+00
  0.1220449629225900E+00
  0.6010398598310170E-01
 -0.2069521601921477E-02
 -0.6423502260990706E-01
 -0.1261520107941729E+00
 -0.1875809413558719E+00
 -0.2482841576962895E+00
 -0.3080268108640470E+00
 -0.3665777681400739E+00
 -0.4237105072452007E+00
 -0.4792039927108455E+00
 -0.5328435310223022E+00
 -0.5844216012262476E+00
 -0.6337386577889879E+00
