           BREAK
 -0.4888720696993210E+00
 -0.5421604297035363E+00
 -0.5933512720066498E+00
 -0.6422465505978491E+00
 -0.6886571001198224E+00
 -0.7324033678396492E+00
 -0.7733161083957714E+00
 -0.8112370386419651E+00
 -0.8460194500615721E+00
 -0.8775287763877487E+00
 -0.9056431142375659E+00
 -0.9302536947485784E+00
 -0.9512653043953122E+00
 -0.9685966533591478E+00
 -0.9821806900275922E+00
 -0.9919648604069778E+00
 -0.9979113114455558E+00
 -0.9999970374807560E+00
 -0.9982139692442986E+00
 -0.9925690050810094E+00
 -0.9830839842606610E+00
 -0.9697956024861812E+00
 -0.9527552699251500E+00
 -0.9320289123138620E+00
 -0.9076967159034631E+00
 -0.8798528172349198E+00
 -0.8486049389430284E+00
 -0.8140739729984644E+00
 -0.7763935130002338E+00
 -0.7357093373279933E+00
 -0.6921788451538162E+00
 -0.6459704474953771E+00
 -0.5972629156664396E+00
 -0.5462446896453746E+00
 -0.4931131490374899E+00
 -0.4380738494516837E+00
 -0.3813397272457240E+00
 -0.3231302757168477E+00
 -0.2636706959248337E+00
 -0.2031910254328532E+00
 -0.1419252483368231E+00
 -0.8011039002639742E-01
 -0.1798560017978058E-01
  0.4420877245992006E-01
  0.1062321099472878E+00
  0.1678444560386842E+00
  0.2288074445363379E+00
  0.2888852214808607E+00
  0.3478453576243948E+00
  0.4054597476542195E+00
  0.4615054926878952E+00
  0.5157657626257356E+00
  0.5680306350243417E+00
  0.6180979072457519E+00
  0.6657738787401701E+00
  0.7108741004357616E+00
  0.7532240883362806E+00
  0.7926599985657516E+00
  0.8290292612486022E+00
  0.8621911707728667E+00
  0.8920174301528658E+00
  0.9183926473853230E+00
  0.9412147818786049E+00
  0.9603955392279482E+00
  0.9758607128093606E+00
  0.9875504708706303E+00
  0.9954195880087550E+00
  0.9994376201382387E+00
  0.9995890222733429E+00
  0.9958732086686203E+00
  0.9883045550850466E+00
  0.9769123431729964E+00
  0.9617406471872237E+00
  0.9428481634721360E+00
  0.9203079833770369E+00
  0.8942073104798978E+00
  0.8646471232136521E+00
  0.8317417842002605E+00
  0.7956185978039362E+00
  0.7564173176152968E+00
  0.7142896057718703E+00
  0.6693984462067449E+00
  0.6219175140953995E+00
  0.5720305039401858E+00
  0.5199304188919848E+00
  0.4658188240585103E+00
  0.4099050666880658E+00
  0.3524054662457103E+00
  0.2935424775152701E+00
  0.2335438299649952E+00
  0.1726416467064895E+00
  0.1110715464554862E+00
  0.4907173196880310E-01
 -0.1311793151583931E-01
 -0.7525684427182912E-01
 -0.1371046029172681E+00
 -0.1984219304889470E+00
 -0.2589716021584344E+00
 -0.3185193630088585E+00
 -0.3768348343216628E+00
