  0.1683995771126111E+00
  0.1067914062894058E+00
  0.4477025402353743E-01
 -0.1742397690583955E-01
 -0.7955070306167329E-01
 -0.1413695936819231E+00
 -0.2026415024758330E+00
 -0.2631293943929429E+00
 -0.3225992638718676E+00
 -0.3808210410908797E+00
 -0.4375694827740397E+00
 -0.4926250441543613E+00
 -0.5457747287585814E+00
 -0.5968129127560199E+00
 -0.6455421407059984E+00
 -0.6917738896437964E+00
 -0.7353292985635330E+00
 -0.7760398604869337E+00
 -0.8137480744491307E+00
 -0.8483080548856643E+00
 -0.8795860960680802E+00
 -0.9074611894081885E+00
 -0.9318254916324210E+00
 -0.9525847420171016E+00
 -0.9696586270719234E+00
 -0.9829810912618473E+00
 -0.9925005925660826E+00
 -0.9981803018859874E+00
 -0.9999982455308133E+00
 -0.9979473902302942E+00
 -0.9920356703453677E+00
 -0.9822859571718661E+00
 -0.9687359704560083E+00
 -0.9514381324640723E+00
 -0.9304593651708386E+00
 -0.9058808313514793E+00
 -0.8777976205785413E+00
 -0.8463183813388607E+00
 -0.8115649006936753E+00
 -0.7736716331081407E+00
 -0.7327851802731258E+00
 -0.6890637239317521E+00
 -0.6426764139049586E+00
 -0.5938027136837054E+00
 -0.5426317061195920E+00
 -0.4893613619000364E+00
 -0.4341977736381449E+00
 -0.3773543585404276E+00
 -0.3190510327370883E+00
 -0.2595133604692376E+00
 -0.1989716814246638E+00
 -0.1376602195983282E+00
 -0.7581617712523092E-01
 -0.1367881659143240E-01
  0.4851146462641337E-01
  0.1105140644118060E+00
  0.1720891067512473E+00
  0.2329983697679354E+00
  0.2930062073559308E+00
  0.3518804608491591E+00
  0.4093933571981896E+00
  0.4653223901799166E+00
  0.5194511812309102E+00
  0.5715703165740410E+00
  0.6214781573997044E+00
  0.6689816199672023E+00
  0.7138969226082246E+00
  0.7560502967424241E+00
  0.7952786591542930E+00
  0.8314302429304427E+00
  0.8643651846163120E+00
  0.8939560653206954E+00
  0.9200884036746854E+00
  0.9426610987378464E+00
  0.9615868211381123E+00
  0.9767923509321641E+00
  0.9882188608791628E+00
  0.9958221440319197E+00
  0.9995727847649848E+00
  0.9994562725779883E+00
  0.9954730582339469E+00
  0.9876385520153506E+00
  0.9759830641047708E+00
  0.9605516873206562E+00
  0.9414041226619740E+00
  0.9186144483366456E+00
  0.8922708331673495E+00
  0.8624751954834756E+00
  0.8293428088189092E+00
  0.7930018559411188E+00
  0.7535929329369330E+00
  0.7112685052735955E+00
  0.6661923179394866E+00
  0.6185387619465776E+00
  0.5684921996454840E+00
  0.5162462514633417E+00
  0.4620030468239948E+00
  0.4059724421485195E+00
  0.3483712089614953E+00
  0.2894221952440960E+00
