           BREAK
  0.9932633012928517E+00
  0.9836661493693419E+00
  0.9702927671733197E+00
  0.9531892256262802E+00
  0.9324170657518156E+00
  0.9080528802423374E+00
  0.8801878663485609E+00
  0.8489273472661968E+00
  0.8143902599738202E+00
  0.7767086081748217E+00
  0.7360268796229854E+00
  0.6925014276729976E+00
  0.6462998174005306E+00
  0.5976001370870868E+00
  0.5465902762675908E+00
  0.4934671718980647E+00
  0.4384360245204358E+00
  0.3817094865849281E+00
  0.3235068253404487E+00
  0.2640530629224303E+00
  0.2035780964578878E+00
  0.1423158011709348E+00
  0.8050311961033479E-01
  0.1837914023524233E-01
 -0.4381583131247446E-01
 -0.1058412048500935E+00
 -0.1674570387601980E+00
 -0.2284249700800386E+00
 -0.2885091380803073E+00
 -0.3474770978446386E+00
 -0.4051007203833438E+00
 -0.4611570758534519E+00
 -0.5154292965114884E+00
 -0.5677074160948623E+00
 -0.6177891824116983E+00
 -0.6654808400167511E+00
 -0.7105978799621171E+00
 -0.7529657537350771E+00
 -0.7924205486310303E+00
 -0.8288096219563118E+00
 -0.8619921916131530E+00
 -0.8918398807863476E+00
 -0.9182372146276595E+00
 -0.9410820670188580E+00
 -0.9602860556867611E+00
 -0.9757748841429806E+00
 -0.9874886291264209E+00
 -0.9953819724371594E+00
 -0.9994243762652441E+00
 -0.9996002013364436E+00
 -0.9959087674180684E+00
 -0.9883643559509409E+00
 -0.9769961547974171E+00
 -0.9618481453192860E+00
 -0.9429789322224481E+00
 -0.9204615168267019E+00
 -0.8943830146378204E+00
 -0.8648443183145781E+00
 -0.8319597073346522E+00
 -0.7958564058695240E+00
 -0.7566740905788765E+00
 -0.7145643502287292E+00
 -0.6696900992239551E+00
 -0.6222249473240946E+00
 -0.5723525279809276E+00
 -0.5202657878963167E+00
 -0.4661662405489065E+00
 -0.4102631865776160E+00
 -0.3527729040381328E+00
 -0.2939178116651279E+00
 -0.2339256083773777E+00
 -0.1730283923548883E+00
 -0.1114617630961170E+00
 -0.4946390992929096E-01
  0.1272530949583595E-01
  0.7486529717063480E-01
  0.1367156455545519E+00
  0.1980370676651828E+00
  0.2585923228331233E+00
  0.3181471345400270E+00
  0.3764710967889442E+00
  0.4333385655003674E+00
  0.4885295314853345E+00
  0.5418304716182419E+00
  0.5930351749163411E+00
  0.6419455403299628E+00
  0.6883723431570042E+00
  0.7321359671165300E+00
  0.7730670992492777E+00
  0.8110073849566017E+00
  0.8458100406436547E+00
  0.8773404215965960E+00
  0.9054765428968383E+00
  0.9301095513569965E+00
  0.9511441466527218E+00
  0.9684989500211482E+00
  0.9821068190995111E+00
  0.9919151076859081E+00
  0.9978858694172268E+00
  0.9999960045762533E+00
