           BREAK
  0.9204408134081432E-02
 -0.5298066933210236E-01
 -0.1149606955571108E+00
 -0.1764959034092598E+00
 -0.2373482411275573E+00
 -0.2972822946446251E+00
 -0.3560661993972679E+00
 -0.4134725381628587E+00
 -0.4692792215006690E+00
 -0.5232703474338688E+00
 -0.5752370370795588E+00
 -0.6249782430202475E+00
 -0.6723015273099676E+00
 -0.7170238061212010E+00
 -0.7589720581642351E+00
 -0.7979839941478456E+00
 -0.8339086846987034E+00
 -0.8666071443158173E+00
 -0.8959528691050596E+00
 -0.9218323262165572E+00
 -0.9441453930937713E+00
 -0.9628057448366319E+00
 -0.9777411881813408E+00
 -0.9888939408056679E+00
 -0.9962208548797855E+00
 -0.9996935839982245E+00
 -0.9992986928474327E+00
 -0.9950377091848643E+00
 -0.9869271179286370E+00
 -0.9749982973807135E+00
 -0.9592973978304078E+00
 -0.9398851630079023E+00
 -0.9168366950785621E+00
 -0.8902411640872471E+00
 -0.8602014629767248E+00
 -0.8268338095148676E+00
 -0.7902672966706801E+00
 -0.7506433931786819E+00
 -0.7081153962238588E+00
 -0.6628478383646329E+00
 -0.6150158509883595E+00
 -0.5648044867620102E+00
 -0.5124080036993578E+00
 -0.4580291136144530E+00
 -0.4018781978690018E+00
 -0.3441724934477430E+00
 -0.2851352525107589E+00
 -0.2249948786742356E+00
 -0.1639840433612451E+00
 -0.1023387856412104E+00
 -0.4029759904059859E-01
  0.2189949114220005E-01
  0.8401185644812299E-01
  0.1457991962021957E+00
  0.2070224671901631E+00
  0.2674448084702453E+00
  0.3268324577421083E+00
  0.3849556557277899E+00
  0.4415895350657135E+00
  0.4965149902788257E+00
  0.5495195254511190E+00
  0.6003980763330546E+00
  0.6489538036953035E+00
  0.6949988548614855E+00
  0.7383550904736815E+00
  0.7788547736790026E+00
  0.8163412190708867E+00
  0.8506693988745004E+00
  0.8817065040310216E+00
  0.9093324580100911E+00
  0.9334403813625810E+00
  0.9539370052164174E+00
  0.9707430321157330E+00
  0.9837934428073120E+00
  0.9930377477874559E+00
  0.9984401826360610E+00
  0.9999798463822140E+00
  0.9976507823659870E+00
  0.9914620012835982E+00
  0.9814374463267782E+00
  0.9676159005512133E+00
  0.9500508368324366E+00
  0.9288102109896604E+00
  0.9039761988779149E+00
  0.8756448784656258E+00
  0.8439258581276233E+00
  0.8089418525916288E+00
  0.7708282081788177E+00
  0.7297323791751922E+00
  0.6858133573595951E+00
  0.6392410568954059E+00
  0.5901956569656515E+00
  0.5388669046947466E+00
  0.4854533810537350E+00
  0.4301617325890909E+00
  0.3732058719473687E+00
  0.3148061502887375E+00
  0.2551885047911468E+00
  0.1945835845432720E+00
  0.1332258582080074E+00
