           BREAK
 -0.8960525021697242E+00
 -0.9219192679758185E+00
 -0.9442193071869505E+00
 -0.9628663453045151E+00
 -0.9777882405725224E+00
 -0.9889272630836039E+00
 -0.9962403181270646E+00
 -0.9996991129153266E+00
 -0.9992902660440544E+00
 -0.9950153592626709E+00
 -0.9868909313551355E+00
 -0.9749484141547273E+00
 -0.9592340109404469E+00
 -0.9398085176855306E+00
 -0.9167470878496421E+00
 -0.8901389416247391E+00
 -0.8600870207594787E+00
 -0.8267075902975890E+00
 -0.7901297887709999E+00
 -0.7504951285879516E+00
 -0.7079569485489766E+00
 -0.6626798206088715E+00
 -0.6148389131797759E+00
 -0.5646193134386130E+00
 -0.5122153112607613E+00
 -0.4578296475502687E+00
 -0.4016727298746823E+00
 -0.3439618184390432E+00
 -0.2849201855483594E+00
 -0.2247762518104338E+00
 -0.1637627024209052E+00
 -0.1021155869494313E+00
 -0.4007340610975822E-01
  0.2212381095320540E-01
  0.8423543528952250E-01
  0.1460211690908861E+00
  0.2072419753561600E+00
  0.2676610026790976E+00
  0.3270445015804217E+00
  0.3851627288391469E+00
  0.4417908363244738E+00
  0.4967097408895254E+00
  0.5497069719614790E+00
  0.6005774935489411E+00
  0.6491244974863627E+00
  0.6951601648466007E+00
  0.7385063925758572E+00
  0.7789954825397983E+00
  0.8164707903150557E+00
  0.8507873312160699E+00
  0.8818123412126725E+00
  0.9094257905683283E+00
  0.9335208482118682E+00
  0.9540042950461471E+00
  0.9707968845946253E+00
  0.9838336495905887E+00
  0.9930641533228830E+00
  0.9984526847657517E+00
  0.9999783967378570E+00
  0.9976353865559747E+00
  0.9914327188713289E+00
  0.9813943906002165E+00
  0.9675592380846006E+00
  0.9499807868418488E+00
  0.9287270444849031E+00
  0.9038802376140376E+00
  0.8755364936981169E+00
  0.8438054691760923E+00
  0.8088099252175422E+00
  0.7706852527835564E+00
  0.7295789488254082E+00
  0.6856500456475063E+00
  0.6390684956422998E+00
  0.5900145137774926E+00
  0.5386778803793411E+00
  0.4852572069094380E+00
  0.4299591675755550E+00
  0.3729976997492812E+00
  0.3145931762838912E+00
  0.2549715529345913E+00
  0.1943634941795956E+00
  0.1330034808240692E+00
  0.7112890283944724E-01
  0.8979140947753404E-02
 -0.5320535949591552E-01
 -0.1151840187397495E+00
 -0.1767170533915566E+00
 -0.2375664040941174E+00
 -0.2974966565305964E+00
 -0.3562759521967991E+00
 -0.4136768854166811E+00
 -0.4694773831307305E+00
 -0.5234615640534991E+00
 -0.5754205738763495E+00
 -0.6251533932842072E+00
 -0.6724676156602392E+00
 -0.7171801914696744E+00
 -0.7591181364428927E+00
 -0.7981192008179619E+00
 -0.8340324970534425E+00
