           BREAK
  0.6045754849895859E+00
  0.5538780220063807E+00
  0.5010391724040585E+00
  0.4462630258326378E+00
  0.3897612393046126E+00
  0.3317522034991103E+00
  0.2724601858825247E+00
  0.2121144534403552E+00
  0.1509483779821088E+00
  0.8919852712289522E-01
  0.2710374416319852E-01
 -0.3509577981645556E-01
 -0.9715943825534916E-01
 -0.1588471423630008E+00
 -0.2199202518423120E+00
 -0.2801424995923218E+00
 -0.3392809069001404E+00
 -0.3971066856514309E+00
 -0.4533961241251576E+00
 -0.5079314529904635E+00
 -0.5605016881909294E+00
 -0.6109034474834176E+00
 -0.6589417374946039E+00
 -0.7044307082675588E+00
 -0.7471943723926375E+00
 -0.7870672859509085E+00
 -0.8238951886436751E+00
 -0.8575356006376343E+00
 -0.8878583738212077E+00
 -0.9147461953427936E+00
 -0.9380950414854246E+00
 -0.9578145801237724E+00
 -0.9738285202078512E+00
 -0.9860749069223363E+00
 -0.9945063613802930E+00
 -0.9990902639244840E+00
 -0.9998088803274460E+00
 -0.9966594304023254E+00
 -0.9896540987591873E+00
 -0.9788199876652831E+00
 -0.9641990121917171E+00
 -0.9458477380522119E+00
 -0.9238371627613590E+00
 -0.8982524409590263E+00
 -0.8691925549635976E+00
 -0.8367699318286097E+00
 -0.8011100083843219E+00
 -0.7623507459469869E+00
 -0.7206420965733210E+00
 -0.6761454229251281E+00
 -0.6290328739885074E+00
 -0.5794867190628716E+00
 -0.5276986425964353E+00
 -0.4738690025963239E+00
 -0.4182060554823657E+00
 -0.3609251503834608E+00
 -0.3022478959936371E+00
 -0.2424013032110646E+00
 -0.1816169068769893E+00
 -0.1201298700124135E+00
 -0.5817807401805296E-01
  0.3998801642592507E-02
  0.6616020671651894E-01
  0.1280656508034179E+00
  0.1894756337663127E+00
  0.2501525723110657E+00
  0.3098617191499843E+00
  0.3683720711934778E+00
  0.4254572632561307E+00
  0.4808964438196308E+00
  0.5344751294643936E+00
  0.5859860346642372E+00
  0.6352298737338249E+00
  0.6820161318262571E+00
  0.7261638019980089E+00
  0.7675020854896315E+00
  0.8058710525129671E+00
  0.8411222609884337E+00
  0.8731193308385942E+00
  0.9017384716161786E+00
  0.9268689614252784E+00
  0.9484135752828525E+00
  0.9662889612632957E+00
  0.9804259629708514E+00
  0.9907698870922693E+00
  0.9972807149946060E+00
  0.9999332575495496E+00
  0.9987172525852556E+00
  0.9936374045887018E+00
  0.9847133665049390E+00
  0.9719796637036653E+00
  0.9554855604072792E+00
  0.9352948690971713E+00
  0.9114857036356316E+00
  0.8841501770584917E+00
  0.8533940452076821E+00
  0.8193362975824267E+00
  0.7821086969919853E+00
  0.7418552697909389E+00
  0.6987317486692102E+00
