           BREAK
  0.3043046266804915E+00
  0.2444934391564055E+00
  0.1837366878191465E+00
  0.1222693455776601E+00
  0.6032915412187875E-01
 -0.1844300238117258E-02
 -0.6401051694805297E-01
 -0.1259290143826259E+00
 -0.1873602623537876E+00
 -0.2480666104669101E+00
 -0.3078132088307846E+00
 -0.3663689176381640E+00
 -0.4235072021610964E+00
 -0.4790070097491204E+00
 -0.5326536254776936E+00
 -0.5842395031684524E+00
 -0.6335650685914621E+00
 -0.6804394917617655E+00
 -0.7246814253577988E+00
 -0.7661197064168135E+00
 -0.8045940186017971E+00
 -0.8399555124847587E+00
 -0.8720673814519634E+00
 -0.9008053910071044E+00
 -0.9260583594276405E+00
 -0.9477285879169761E+00
 -0.9657322385899467E+00
 -0.9799996588304440E+00
 -0.9904756507671613E+00
 -0.9971196848255035E+00
 -0.9999060565299082E+00
 -0.9988239859502124E+00
 -0.9938776594075329E+00
 -0.9850862132784299E+00
 -0.9724836599600937E+00
 -0.9561187562830425E+00
 -0.9360548148804320E+00
 -0.9123694592437811E+00
 -0.8851543234127622E+00
 -0.8545146974609011E+00
 -0.8205691201487340E+00
 -0.7834489203203699E+00
 -0.7432977088177084E+00
 -0.7002708228779885E+00
 -0.6545347251641976E+00
 -0.6062663597533658E+00
 -0.5556524675743083E+00
 -0.5028888639432471E+00
 -0.4481796809923932E+00
 -0.3917365779223867E+00
 -0.3337779221339625E+00
 -0.2745279444069017E+00
 -0.2142158713947033E+00
 -0.1530750387911954E+00
 -0.9134198860006278E-01
 -0.2925555399978823E-01
  0.3294406465551775E-01
  0.9501622912462244E-01
  0.1567207942617806E+00
  0.2178190370916495E+00
  0.2780745803821032E+00
  0.3372543071418261E+00
  0.3951292625046638E+00
  0.4514755395115223E+00
  0.5060751453628934E+00
  0.5587168447906513E+00
  0.6091969772862631E+00
  0.6573202450237386E+00
  0.7029004684289725E+00
  0.7457613064723518E+00
  0.7857369388979425E+00
  0.8226727077498429E+00
  0.8564257157137740E+00
  0.8868653789590257E+00
  0.9138739323419297E+00
  0.9373468850163228E+00
  0.9571934246883322E+00
  0.9733367689514988E+00
  0.9857144623429899E+00
  0.9942786179716526E+00
  0.9989961027830946E+00
  0.9998486657450327E+00
  0.9968330084569913E+00
  0.9899607979111760E+00
  0.9792586213551426E+00
  0.9647678834309055E+00
  0.9465446459884188E+00
  0.9246594111931710E+00
  0.8991968487670015E+00
  0.8702554684173973E+00
  0.8379472387225693E+00
  0.8023971539467797E+00
  0.7637427504618094E+00
  0.7221335746454589E+00
  0.6777306043156649E+00
  0.6307056259385923E+00
  0.5812405700201705E+00
  0.5295268072523128E+00
  0.4757644081368781E+00
  0.4201613689517764E+00
