  0.5220227234312198E+00
  0.4679821995130655E+00
  0.4121321033207107E+00
  0.3546882832718753E+00
  0.2958728035163152E+00
  0.2359130743265168E+00
  0.1750409638805517E+00
  0.1134918944880005E+00
  0.5150392643691624E-01
 -0.1068316725620044E-01
 -0.7282883182933954E-01
 -0.1346926640654814E+00
 -0.1960353444238127E+00
 -0.2566195645223833E+00
 -0.3162109464786335E+00
 -0.3745789506273729E+00
 -0.4314977681657503E+00
 -0.4867471953207531E+00
 -0.5401134856962668E+00
 -0.5913901775330260E+00
 -0.6403788927052987E+00
 -0.6868901043822256E+00
 -0.7307438703987467E+00
 -0.7717705295103845E+00
 -0.8098113578470557E+00
 -0.8447191830330147E+00
 -0.8763589536021550E+00
 -0.9046082615095882E+00
 -0.9293578157208928E+00
 -0.9505118650489516E+00
 -0.9679885686040675E+00
 -0.9817203124252977E+00
 -0.9916539710688278E+00
 -0.9977511131419313E+00
 -0.9999881499877382E+00
 -0.9983564269458582E+00
 -0.9928622568359704E+00
 -0.9835268955349510E+00
 -0.9703864597421238E+00
 -0.9534917872508059E+00
 -0.9329082402667802E+00
 -0.9087154525346183E+00
 -0.8810070212501929E+00
 -0.8498901449513078E+00
 -0.8154852087873774E+00
 -0.7779253187726705E+00
 -0.7373557868249989E+00
 -0.6939335685821391E+00
 -0.6478266561709570E+00
 -0.5992134282785120E+00
 -0.5482819600395641E+00
 -0.4952292954104164E+00
 -0.4402606848441270E+00
 -0.3835887912163817E+00
 -0.3254328670741365E+00
 -0.2660179063901109E+00
 -0.2055737741048134E+00
 -0.1443343168237453E+00
 -0.8253645811030877E-01
 -0.2041928187456910E-01
  0.4177689259594649E-01
  0.1038114403848884E+00
  0.1654443618781389E+00
  0.2264372112756951E+00
  0.2865540190921468E+00
  0.3455622050767755E+00
  0.4032334780213598E+00
  0.4593447189745144E+00
  0.5136788444455630E+00
  0.5660256462583956E+00
  0.6161826048060653E+00
  0.6639556725598010E+00
  0.7091600248012052E+00
  0.7516207746731773E+00
  0.7911736497831933E+00
  0.8276656277412792E+00
  0.8609555281739097E+00
  0.8909145589234457E+00
  0.9174268143199746E+00
  0.9403897235978284E+00
  0.9597144477219502E+00
  0.9753262230888640E+00
  0.9871646507725303E+00
  0.9951839301960589E+00
  0.9993530363252424E+00
  0.9996558396983879E+00
  0.9960911688280693E+00
  0.9886728147333853E+00
  0.9774294775851854E+00
  0.9624046556706856E+00
  0.9436564771070421E+00
  0.9212574749549636E+00
  0.8952943066023843E+00
  0.8658674185038688E+00
  0.8330906575727927E+00
  0.7970908307297472E+00
  0.7580072143112035E+00
  0.7159910152364212E+00
  0.6712047860172493E+00
  0.6238217958740442E+00
