           BREAK
  0.2466355729040072E+00
  0.1859084031327559E+00
  0.1244622431009842E+00
  0.6253475193220215E-01
  0.3654663237472551E-03
 -0.6180512966662358E-01
 -0.1237365377536445E+00
 -0.1851891780160759E+00
 -0.2459253174602219E+00
 -0.3057099910613182E+00
 -0.3643119117987980E+00
 -0.4215043662284693E+00
 -0.4770660921778091E+00
 -0.5307821352093904E+00
 -0.5824446805711778E+00
 -0.6318538574404249E+00
 -0.6788185123696705E+00
 -0.7231569489580577E+00
 -0.7646976308983977E+00
 -0.8032798456893242E+00
 -0.8387543264518706E+00
 -0.8709838294502026E+00
 -0.8998436650862416E+00
 -0.9252221803169473E+00
 -0.9470211906301049E+00
 -0.9651563599090652E+00
 -0.9795575267180093E+00
 -0.9901689757462724E+00
 -0.9969496533621632E+00
 -0.9998733264427808E+00
 -0.9989286838656326E+00
 -0.9941193802695999E+00
 -0.9854640219160851E+00
 -0.9729960947051149E+00
 -0.9567638346249510E+00
 -0.9368300411364396E+00
 -0.9132718342141051E+00
 -0.8861803559839441E+00
 -0.8556604181122472E+00
 -0.8218300963096197E+00
 -0.7848202735189961E+00
 -0.7447741335549575E+00
 -0.7018466071533735E+00
 -0.6562037725744801E+00
 -0.6080222130783574E+00
 -0.5574883337585980E+00
 -0.5047976403772170E+00
 -0.4501539829908336E+00
 -0.3937687672944066E+00
 -0.3358601367336698E+00
 -0.2766521285505158E+00
 -0.2163738070264325E+00
 -0.1552583772772958E+00
 -0.9354228302808298E-01
 -0.3146429185803131E-01
  0.3073542854473956E-01
  0.9281623954535713E-01
  0.1545379625463240E+00
  0.2156618081918558E+00
  0.2759513001975076E+00
  0.3351731902309790E+00
  0.3930983603046004E+00
  0.4495027091883165E+00
  0.5041680194138105E+00
  0.5568828015154955E+00
  0.6074431122421725E+00
  0.6556533435738491E+00
  0.7013269794911700E+00
  0.7442873175696597E+00
  0.7843681526070770E+00
  0.8214144196390541E+00
  0.8552827938553176E+00
  0.8858422450955398E+00
  0.9129745447795711E+00
  0.9365747233108483E+00
  0.9565514761833754E+00
  0.9728275172211157E+00
  0.9853398775831935E+00
  0.9940401493781101E+00
  0.9988946729444674E+00
  0.9998846670736614E+00
  0.9970063016707306E+00
  0.9902707125722459E+00
  0.9797039584639269E+00
  0.9653469200646440E+00
  0.9472551419668634E+00
  0.9254986177454066E+00
  0.9001615191659085E+00
  0.8713418705406056E+00
  0.8391511694913174E+00
  0.8037139555868066E+00
  0.7651673285233817E+00
  0.7236604177128052E+00
  0.6793538053295728E+00
  0.6324189050496741E+00
  0.5830372988843796E+00
  0.5314000346747174E+00
  0.4777068869644897E+00
  0.4221655841113691E+00
  0.3649910046262431E+00
