 -0.8577086874993221E+00
 -0.8880131810708232E+00
 -0.9148821240614411E+00
 -0.9382115657914655E+00
 -0.9579112492074023E+00
 -0.9739049600752198E+00
 -0.9861308218424766E+00
 -0.9945415350292568E+00
 -0.9991045602222637E+00
 -0.9998022439644455E+00
 -0.9966318870533459E+00
 -0.9896057549840955E+00
 -0.9787510304967519E+00
 -0.9641097084116365E+00
 -0.9457384331595579E+00
 -0.9237082796355268E+00
 -0.8981044782237919E+00
 -0.8690260850580391E+00
 -0.8365855987924526E+00
 -0.8009085253662730E+00
 -0.7621328924457020E+00
 -0.7204087154216742E+00
 -0.6758974170294569E+00
 -0.6287712028354427E+00
 -0.5792123950072707E+00
 -0.5274127269447771E+00
 -0.4735726015007208E+00
 -0.4179003156610757E+00
 -0.3606112546844569E+00
 -0.3019270588183994E+00
 -0.2420747658162955E+00
 -0.1812859325724340E+00
 -0.1197957392733591E+00
 -0.5784207953141768E-01
  0.4335359979412706E-02
  0.6649602682470095E-01
  0.1283994334602013E+00
  0.1898060876314420E+00
  0.2504784189227329E+00
  0.3101816978709507E+00
  0.3686849440882326E+00
  0.4257618198802253E+00
  0.4811915059026526E+00
  0.5347595554684630E+00
  0.5862587242004005E+00
  0.6354897718192405E+00
  0.6822622329657219E+00
  0.7263951540740244E+00
  0.7677177934459595E+00
  0.8060702818174290E+00
  0.8413042408615551E+00
  0.8732833572355984E+00
  0.9018839099508001E+00
  0.9269952490248551E+00
  0.9485202235651942E+00
  0.9663755576269170E+00
  0.9804921723912450E+00
  0.9908154534180481E+00
  0.9973054619385093E+00
  0.9999370893704581E+00
  0.9987001544585995E+00
  0.9935994426638105E+00
  0.9846546876491250E+00
  0.9719004949340232E+00
  0.9553862080123985E+00
  0.9351757174521668E+00
  0.9113472137150711E+00
  0.8839928846529729E+00
  0.8532185588509662E+00
  0.8191432961971366E+00
  0.7818989272629854E+00
  0.7416295432765614E+00
  0.6984909386614859E+00
  0.6526500082986000E+00
  0.6042841018420886E+00
  0.5535803375881226E+00
  0.5007348785505236E+00
  0.4459521735441695E+00
  0.3894441662122466E+00
  0.3314294750574720E+00
  0.2721325476495735E+00
  0.2117827922812438E+00
  0.1506136904320264E+00
  0.8886189347382760E-01
  0.2676630711272865E-01
 -0.3543283289077279E-01
 -0.9749489014725761E-01
 -0.1591797586138211E+00
 -0.2202487915177122E+00
 -0.2804657246343363E+00
 -0.3395975903476398E+00
 -0.3974156189565571E+00
 -0.4536961237405479E+00
 -0.5082213663600570E+00
 -0.5607803992438525E+00
 -0.6111698817042043E+00
 -0.6591948666224956E+00
 -0.7046695546617566E+00
 -0.7474180130882043E+00
 -0.7872748564208119E+00
