           BREAK
 -0.9553364911934756E+00
 -0.9718608692414183E+00
 -0.9846253063782927E+00
 -0.9935804194811099E+00
 -0.9986915629592842E+00
 -0.9999389627927184E+00
 -0.9973177930342479E+00
 -0.9908381944806249E+00
 -0.9805252354399192E+00
 -0.9664188147471864E+00
 -0.9485735074036635E+00
 -0.9270583534366996E+00
 -0.9019565907973041E+00
 -0.8733653333286833E+00
 -0.8413951950516424E+00
 -0.8061698622204283E+00
 -0.7678256148046386E+00
 -0.7265107992484955E+00
 -0.6823852545472714E+00
 -0.6356196938612679E+00
 -0.5863950440597653E+00
 -0.5349017457501097E+00
 -0.4813390165000044E+00
 -0.4259140801034372E+00
 -0.3688413648720804E+00
 -0.3103416740538091E+00
 -0.2506413315878295E+00
 -0.1899713065013248E+00
 -0.1285663193351590E+00
 -0.6666393405570376E-01
 -0.4503638966002118E-02
  0.5767407982794982E-01
  0.1196286688112296E+00
  0.1811204377148048E+00
  0.2419114868306209E+00
  0.3017666273993545E+00
  0.3604542915100345E+00
  0.4177474279913043E+00
  0.4734243808282942E+00
  0.5272697467066823E+00
  0.5790752083662728E+00
  0.6286403405400064E+00
  0.6757733853603813E+00
  0.7202919942333920E+00
  0.7620239333098143E+00
  0.8008077498245089E+00
  0.8364933967258024E+00
  0.8689428131783850E+00
  0.8980304586938584E+00
  0.9236437988224995E+00
  0.9456837405271801E+00
  0.9640650155550835E+00
  0.9787165103240050E+00
  0.9895815410469871E+00
  0.9966180730308826E+00
  0.9997988833004118E+00
  0.9991116659185695E+00
  0.9945590795959018E+00
  0.9861587374044737E+00
  0.9739431386363130E+00
  0.9579595430699633E+00
  0.9382697881315839E+00
  0.9149500496579579E+00
  0.8880905471869793E+00
  0.8577951949157898E+00
  0.8241811996769324E+00
  0.7873786074878900E+00
  0.7475298004283060E+00
  0.7047889457913775E+00
  0.6593213996405488E+00
  0.6113030670790249E+00
  0.5609197217071005E+00
  0.5083662869001870E+00
  0.4538460816881456E+00
  0.3975700341534552E+00
  0.3397558653914373E+00
  0.2806272471896369E+00
  0.2204129366851278E+00
  0.1593458913475853E+00
  0.9766236771209830E-01
  0.3560100734852859E-01
 -0.2659808639636517E-01
 -0.8869427731212706E-01
 -0.1504473272993555E+00
 -0.2116183258042440E+00
 -0.2719706141170933E+00
 -0.3312707009588923E+00
 -0.3892891658137099E+00
 -0.4458015465121057E+00
 -0.5005892076316597E+00
 -0.5534401863549441E+00
 -0.6041500125124873E+00
 -0.6525224996381437E+00
 -0.6983705039764101E+00
 -0.7415166485052657E+00
 -0.7817940091734105E+00
 -0.8190467606969908E+00
 -0.8531307794173482E+00
 -0.8839142008874600E+00
 -0.9112779300298646E+00
