  0.1089882832523219E+00
  0.4697769790621764E-01
 -0.1521450488247758E-01
 -0.7734774986812035E-01
 -0.1391816813328236E+00
 -0.2004770949970332E+00
 -0.2609968650269873E+00
 -0.3205068626458526E+00
 -0.3787768628697661E+00
 -0.4355814359211175E+00
 -0.4907008199185753E+00
 -0.5439217715059737E+00
 -0.5950383911594834E+00
 -0.6438529200040621E+00
 -0.6901765050751917E+00
 -0.7338299300798498E+00
 -0.7746443088408587E+00
 -0.8124617387505065E+00
 -0.8471359117119946E+00
 -0.8785326802101467E+00
 -0.9065305763251517E+00
 -0.9310212816842046E+00
 -0.9519100465349898E+00
 -0.9691160563212213E+00
 -0.9825727443431416E+00
 -0.9922280492941443E+00
 -0.9980446166777265E+00
 -0.9999999433259122E+00
 -0.9980864644603022E+00
 -0.9923115829591027E+00
 -0.9826976407170259E+00
 -0.9692818322089337E+00
 -0.9521160605916837E+00
 -0.9312667369009110E+00
 -0.9068145231196335E+00
 -0.8788540201127122E+00
 -0.8474934016344746E+00
 -0.8128539958254763E+00
 -0.7750698158174926E+00
 -0.7342870412627472E+00
 -0.6906634527932368E+00
 -0.6443678215981157E+00
 -0.5955792564807555E+00
 -0.5444865109215776E+00
 -0.4912872528275062E+00
 -0.4361872997932372E+00
 -0.3793998228329489E+00
 -0.3211445216630574E+00
 -0.2616467747266954E+00
 -0.2011367672483008E+00
 -0.1398486006916981E+00
 -0.7801938706701443E-01
 -0.1588833159037537E-01
  0.4630419275460507E-01
  0.1083175751732040E+00
  0.1699118979360094E+00
  0.2308488645740087E+00
  0.2908927218013312E+00
  0.3498111715989166E+00
  0.4073762699304191E+00
  0.4633653086134030E+00
  0.5175616769340371E+00
  0.5697556996718643E+00
  0.6197454482924988E+00
  0.6673375221698945E+00
  0.7123477968157987E+00
  0.7546021362216259E+00
  0.7939370665568476E+00
  0.8302004086174831E+00
  0.8632518665778766E+00
  0.8929635707679956E+00
  0.9192205723763357E+00
  0.9419212881645492E+00
  0.9609778934732551E+00
  0.9763166619985864E+00
  0.9878782510249389E+00
  0.9956179310104060E+00
  0.9995057586366897E+00
  0.9995266926539812E+00
  0.9956806520726340E+00
  0.9879825164764985E+00
  0.9764620684567009E+00
  0.9611638783885854E+00
  0.9421471319975888E+00
  0.9194854013811690E+00
  0.8932663603726502E+00
  0.8635914453481948E+00
  0.8305754627891700E+00
  0.7943461451181746E+00
  0.7550436565271099E+00
  0.7128200507091498E+00
  0.6678386825925445E+00
  0.6202735763521301E+00
  0.5703087521436122E+00
  0.5181375141653293E+00
  0.4639617028018567E+00
  0.4079909137427790E+00
  0.3504416870976796E+00
  0.2915366696445192E+00
  0.2315037534525153E+00
