           BREAK
 -0.8253356221424364E+00
 -0.8588427080274654E+00
 -0.8890270981609608E+00
 -0.9157720150671544E+00
 -0.9389739878984372E+00
 -0.9585432527532605E+00
 -0.9744040999613921E+00
 -0.9864951669939089E+00
 -0.9947696758654412E+00
 -0.9991956141106751E+00
 -0.9997558586353008E+00
 -0.9964482419624801E+00
 -0.9892855606186906E+00
 -0.9782955256266059E+00
 -0.9635206552966009E+00
 -0.9450181107317016E+00
 -0.9228594746823870E+00
 -0.8971304746068386E+00
 -0.8679306510080490E+00
 -0.8353729723309583E+00
 -0.7995833979094806E+00
 -0.7607003906543124E+00
 -0.7188743813668313E+00
 -0.6742671867515474E+00
 -0.6270513833787115E+00
 -0.5774096400190915E+00
 -0.5255340109339832E+00
 -0.4716251928545848E+00
 -0.4158917485253316E+00
 -0.3585492998151550E+00
 -0.2998196935183584E+00
 -0.2399301430724697E+00
 -0.1791123495135890E+00
 -0.1176016050700940E+00
 -0.5563588286271624E-01
  0.6545083767230340E-02
  0.6870072873957676E-01
  0.1305905839387280E+00
  0.1919752095380871E+00
  0.2526171203462284E+00
  0.3122817045909688E+00
  0.3707381315867361E+00
  0.4277602447736488E+00
  0.4831274366733121E+00
  0.5366255023762947E+00
  0.5880474682593106E+00
  0.6371943927259585E+00
  0.6838761358731125E+00
  0.7279120951052674E+00
  0.7691319038508959E+00
  0.8073760906776182E+00
  0.8424966962561924E+00
  0.8743578457864174E+00
  0.9028362746703352E+00
  0.9278218053990194E+00
  0.9492177738079489E+00
  0.9669414030518853E+00
  0.9809241238524009E+00
  0.9911118397791037E+00
  0.9974651365382111E+00
  0.9999594344587995E+00
  0.9985850835867743E+00
  0.9933474010186684E+00
  0.9842666503308273E+00
  0.9713779631835716E+00
  0.9547312034036238E+00
  0.9343907740706551E+00
  0.9104353683542766E+00
  0.8829576650654550E+00
  0.8520639701001997E+00
  0.8178738051626994E+00
  0.7805194453590704E+00
  0.7401454074506647E+00
  0.6969078907468002E+00
  0.6509741727999732E+00
  0.6025219622415043E+00
  0.5517387112613702E+00
  0.4988208903920939E+00
  0.4439732284024208E+00
  0.3874079202414897E+00
  0.3293438060977922E+00
  0.2700055247489974E+00
  0.2096226444781635E+00
  0.1484287749186475E+00
  0.8666066326381194E-01
  0.2455727833813378E-01
 -0.3764111392676155E-01
 -0.9969388003430725E-01
 -0.1613609498872501E+00
 -0.2224037455722185E+00
 -0.2825861043713203E+00
 -0.3416751924298169E+00
 -0.3994424055450843E+00
 -0.4556642535918510E+00
 -0.5101232251620829E+00
 -0.5626086290743669E+00
 -0.6129174094971577E+00
 -0.6608549315323431E+00
 -0.7062357342198593E+00
 -0.7488842480501093E+00
