  0.1288462049001116E+00
  0.6694502123801489E-01
  0.4784983694026965E-02
 -0.5739346020029544E-01
 -0.1193497823710371E+00
 -0.1808443069467703E+00
 -0.2416391392235414E+00
 -0.3014990873558231E+00
 -0.3601925732881721E+00
 -0.4174925294681329E+00
 -0.4731772779230280E+00
 -0.5270313883409776E+00
 -0.5788465118691337E+00
 -0.6284221874291941E+00
 -0.6755666174509954E+00
 -0.7200974100388500E+00
 -0.7618422847116274E+00
 -0.8006397389956617E+00
 -0.8363396732988349E+00
 -0.8688039716538233E+00
 -0.8979070360878848E+00
 -0.9235362725549362E+00
 -0.9455925265522325E+00
 -0.9639904667380512E+00
 -0.9786589150674498E+00
 -0.9895411221697575E+00
 -0.9965949869030511E+00
 -0.9997932192366273E+00
 -0.9991234458316248E+00
 -0.9945882579115171E+00
 -0.9862052012374156E+00
 -0.9740067082270520E+00
 -0.9580399724801076E+00
 -0.9383667661953664E+00
 -0.9150632011860835E+00
 -0.8882194344181644E+00
 -0.8579393192103727E+00
 -0.8243400034460172E+00
 -0.7875514763505475E+00
 -0.7477160655884911E+00
 -0.7049878866253719E+00
 -0.6595322464849140E+00
 -0.6115250042082807E+00
 -0.5611518904896070E+00
 -0.5086077891200278E+00
 -0.4540959830201467E+00
 -0.3978273677779106E+00
 -0.3400196357345464E+00
 -0.2808964337751845E+00
 -0.2206864980825084E+00
 -0.1596227692008979E+00
 -0.9794149083471662E-01
 -0.3588129586731403E-01
  0.2631771686324035E-01
  0.8841491145992027E-01
  0.1501700459402788E+00
  0.2113442016860084E+00
  0.2717007077726594E+00
  0.3310060566034713E+00
  0.3890308073049011E+00
  0.4455504733887891E+00
  0.5003463912469733E+00
  0.5532065661183092E+00
  0.6039264922552169E+00
  0.6523099441166901E+00
  0.6981697355267946E+00
  0.7413284438616166E+00
  0.7816190964629310E+00
  0.8188858166229752E+00
  0.8529844266411506E+00
  0.8837830056195390E+00
  0.9111623998392261E+00
  0.9350166837428938E+00
  0.9552535697402232E+00
  0.9717947652506532E+00
  0.9845762756021658E+00
  0.9935486516142383E+00
  0.9986771809071179E+00
  0.9999420221972762E+00
  0.9973382820594776E+00
  0.9908760338584945E+00
  0.9805802787772140E+00
  0.9664908490919181E+00
  0.9486622540689459E+00
  0.9271634690789308E+00
  0.9020776687444901E+00
  0.8735019051537701E+00
  0.8415467323847704E+00
  0.8063357787930933E+00
  0.7680052687178505E+00
  0.7267034954561622E+00
  0.6825902475452004E+00
  0.6358361905713731E+00
  0.5866222068983337E+00
  0.5351386958682512E+00
  0.4815848371837431E+00
  0.4261678203203028E+00
  0.3691020429504684E+00
  0.3106082814808739E+00
  0.2509128369112292E+00
