           BREAK
  0.2659674984388972E+00
  0.2055215289034798E+00
  0.1442807143200045E+00
  0.8248191353154395E-01
  0.2036416082876418E-01
 -0.4183226259654189E-01
 -0.1038667612214724E+00
 -0.1654993583370170E+00
 -0.2264916262876522E+00
 -0.2866076103118632E+00
 -0.3456147424944753E+00
 -0.4032847423633431E+00
 -0.4593945007009863E+00
 -0.5137269431956315E+00
 -0.5660718706250975E+00
 -0.6162267723504481E+00
 -0.6639976099937330E+00
 -0.7091995682847799E+00
 -0.7516577701852489E+00
 -0.7912079535333915E+00
 -0.8276971065994604E+00
 -0.8609840600988494E+00
 -0.8909400333770306E+00
 -0.9174491326565760E+00
 -0.9404087994211116E+00
 -0.9597302072033417E+00
 -0.9753386052433750E+00
 -0.9871736076887691E+00
 -0.9951894272181181E+00
 -0.9993550521848197E+00
 -0.9996543665960176E+00
 -0.9960862124627673E+00
 -0.9886643942803568E+00
 -0.9774176256215414E+00
 -0.9623894180493774E+00
 -0.9436379127794661E+00
 -0.9212356557428902E+00
 -0.8952693169201017E+00
 -0.8658393550316011E+00
 -0.8330596288826619E+00
 -0.7970569568657306E+00
 -0.7579706263247024E+00
 -0.7159518546792487E+00
 -0.6711632043939956E+00
 -0.6237779540559298E+00
 -0.5739794279932092E+00
 -0.5219602870289513E+00
 -0.4679217831139347E+00
 -0.4120729807218985E+00
 -0.3546299480197094E+00
 -0.2958149209415957E+00
 -0.2358554434014931E+00
 -0.1749834869698450E+00
 -0.1134345534206621E+00
 -0.5144676362090693E-01
  0.1074006371287917E-01
  0.7288533982660302E-01
  0.1347486367197681E+00
  0.1960906173147042E+00
  0.2566739614052241E+00
  0.3162642838023962E+00
  0.3746310411253111E+00
  0.4315484237286308E+00
  0.4867962293162438E+00
  0.5401607148611662E+00
  0.5914354235357936E+00
  0.6404219834532568E+00
  0.6869308751297175E+00
  0.7307821646984308E+00
  0.7718062000389219E+00
  0.8098442671280839E+00
  0.8447492040738961E+00
  0.8763859704562008E+00
  0.9046321697718496E+00
  0.9293785229629998E+00
  0.9505292911965602E+00
  0.9680026462591346E+00
  0.9817309871344849E+00
  0.9916612015387312E+00
  0.9977548714014564E+00
  0.9999884214977632E+00
  0.9983532106562341E+00
  0.9928555651899466E+00
  0.9835167544211978E+00
  0.9703729083946288E+00
  0.9534748780970972E+00
  0.9328880387250924E+00
  0.9086920367607975E+00
  0.8809804818353234E+00
  0.8498605845712306E+00
  0.8154527418054585E+00
  0.7778900707973538E+00
  0.7373178942238509E+00
  0.6938931779542707E+00
  0.6477839237798619E+00
  0.5991685194475095E+00
  0.5482350485121978E+00
  0.4951805626782742E+00
  0.4402103194446823E+00
  0.3835369880035808E+00
