 -0.2287526206744710E+00
 -0.2888313717589115E+00
 -0.3477926679894479E+00
 -0.4054084061448640E+00
 -0.4614556868768674E+00
 -0.5157176775441584E+00
 -0.5679844514574588E+00
 -0.6180538003158060E+00
 -0.6657320167123441E+00
 -0.7108346436989303E+00
 -0.7531871885226153E+00
 -0.7926257977827159E+00
 -0.8289978914040950E+00
 -0.8621627529797848E+00
 -0.8919920742034573E+00
 -0.9183704512887423E+00
 -0.9411958314573118E+00
 -0.9603799077701649E+00
 -0.9758484607759066E+00
 -0.9875416456551975E+00
 -0.9954142237511491E+00
 -0.9994357375903865E+00
 -0.9995906287179802E+00
 -0.9958782978906022E+00
 -0.9883131073951539E+00
 -0.9769243254840164E+00
 -0.9617560131419306E+00
 -0.9428668536226337E+00
 -0.9203299254147586E+00
 -0.8942324195153573E+00
 -0.8646753021048673E+00
 -0.8317729239285748E+00
 -0.7956525778957934E+00
 -0.7564540066083253E+00
 -0.7143288617234844E+00
 -0.6694401172432954E+00
 -0.6219614389997411E+00
 -0.5720765127753951E+00
 -0.5199783336588151E+00
 -0.4658684593840371E+00
 -0.4099562305428576E+00
 -0.3524579606867518E+00
 -0.2935960994517672E+00
 -0.2335983719440941E+00
 -0.1726968977158691E+00
 -0.1111272927397231E+00
 -0.4912775785635473E-01
  0.1306184277824840E-01
  0.7520090968063084E-01
  0.1370490388725286E+00
  0.1983669519571609E+00
  0.2589174218408621E+00
  0.3184661905186217E+00
  0.3767828753727963E+00
  0.4336418604787038E+00
  0.4888231694688036E+00
  0.5421133165785317E+00
  0.5933061325812455E+00
  0.6422035624169169E+00
  0.6886164314286770E+00
  0.7323651772428172E+00
  0.7732805444607286E+00
  0.8112042394751595E+00
  0.8459895428774282E+00
  0.8775018770863150E+00
  0.9056193270025787E+00
  0.9302331116747903E+00
  0.9512480051517046E+00
  0.9685827048929626E+00
  0.9821701463128292E+00
  0.9919577622400441E+00
  0.9979076862899979E+00
  0.9999968993624158E+00
  0.9982173186977858E+00
  0.9925758291479858E+00
  0.9830942565401275E+00
  0.9698092832366730E+00
  0.9527723062184990E+00
  0.9320492382399622E+00
  0.9077202528252616E+00
  0.8798794740926426E+00
  0.8486346126064717E+00
  0.8141065486659863E+00
  0.7764288646429049E+00
  0.7357473281771718E+00
  0.6922193282302870E+00
  0.6460132661779805E+00
  0.5973079042980125E+00
  0.5462916741736422E+00
  0.4931619476884412E+00
  0.4381242734328171E+00
  0.3813915814764535E+00
  0.3231833595832265E+00
  0.2637248040556949E+00
  0.2032459484943502E+00
  0.1419807738422998E+00
  0.8016630315845989E-01
  0.1804168462138448E-01
 -0.4415273368858444E-01
 -0.1061763336493386E+00
