  0.5885222832007817E+00
  0.5371146149808286E+00
  0.4836302983286234E+00
  0.4282759451540083E+00
  0.3712654693934239E+00
  0.3128192455672042E+00
  0.2531632450319781E+00
  0.1925281527795224E+00
  0.1311484677921845E+00
  0.6926159009893691E-01
  0.7106897786578824E-02
 -0.5507518269117470E-01
 -0.1170441094967838E+00
 -0.1785601582272298E+00
 -0.2393853510828612E+00
 -0.2992843788925663E+00
 -0.3580255125093737E+00
 -0.4153815001157700E+00
 -0.4711304470195151E+00
 -0.5250566745778584E+00
 -0.5769515549601920E+00
 -0.6266143185456887E+00
 -0.6738528308527190E+00
 -0.7184843360102636E+00
 -0.7603361639073497E+00
 -0.7992463982942728E+00
 -0.8350645032581638E+00
 -0.8676519056547649E+00
 -0.8968825312473017E+00
 -0.9226432924813829E+00
 -0.9448345260111535E+00
 -0.9633703782857153E+00
 -0.9781791377052961E+00
 -0.9892035120630255E+00
 -0.9964008501995695E+00
 -0.9997433070135480E+00
 -0.9992179511896251E+00
 -0.9948268152277202E+00
 -0.9865868875799076E+00
 -0.9745300469255230E+00
 -0.9587029388388014E+00
 -0.9391667953262338E+00
 -0.9159971979318373E+00
 -0.8892837853268390E+00
 -0.8591299065150713E+00
 -0.8256522209957500E+00
 -0.7889802474305350E+00
 -0.7492558625609883E+00
 -0.7066327523150245E+00
 -0.6612758172259123E+00
 -0.6133605344641461E+00
 -0.5630722789503630E+00
 -0.5106056061757875E+00
 -0.4561634995048328E+00
 -0.3999565848718940E+00
 -0.3422023159105275E+00
 -0.2831241326675853E+00
 -0.2229505971570833E+00
 -0.1619145090981674E+00
 -0.1002520052582278E+00
 -0.3820164588562014E-01
  0.2399650823359260E-01
  0.8610182452418418E-01
  0.1478740295824524E+00
  0.2090741387473388E+00
  0.2694653806856579E+00
  0.3288141134143863E+00
  0.3868907282161089E+00
  0.4434705379505376E+00
  0.4983346463254091E+00
  0.5512707947637185E+00
  0.6020741835909127E+00
  0.6505482643650531E+00
  0.6965055002845468E+00
  0.7397680917316035E+00
  0.7801686641444191E+00
  0.8175509155568329E+00
  0.8517702213002756E+00
  0.8826941935285149E+00
  0.9102031934005124E+00
  0.9341907939398593E+00
  0.9545641917800735E+00
  0.9712445662027918E+00
  0.9841673840798232E+00
  0.9932826495392808E+00
  0.9985550973898977E+00
  0.9999643295552042E+00
  0.9975048939897205E+00
  0.9911863057718610E+00
  0.9810330102919468E+00
  0.9670842886777374E+00
  0.9493941058233804E+00
  0.9280309016097166E+00
  0.9030773261236797E+00
  0.8746299199011647E+00
  0.8427987404304483E+00
  0.8077069363611489E+00
  0.7694902710660250E+00
  0.7282965973988582E+00
  0.6842852856804877E+00
