           BREAK
  0.9283078805400485E+00
  0.9033084875627895E+00
  0.8748261366512164E+00
  0.8429686321285197E+00
  0.8078572965512197E+00
  0.7696264172971889E+00
  0.7284226574692483E+00
  0.6844044310500792E+00
  0.6377412427376433E+00
  0.5886129933319588E+00
  0.5372092519387723E+00
  0.4837284966076155E+00
  0.4283773253347541E+00
  0.3713696396386917E+00
  0.3129258031601458E+00
  0.2532717779521687E+00
  0.1926382413114132E+00
  0.1312596861604199E+00
  0.6937350812475765E-01
  0.7219082559350335E-02
 -0.5496316513339160E-01
 -0.1169326924838319E+00
 -0.1784497727768770E+00
 -0.2392764242305496E+00
 -0.2991773320371857E+00
 -0.3579207597813301E+00
 -0.4152794467735532E+00
 -0.4710314878808899E+00
 -0.5249611924916804E+00
 -0.5768599193247036E+00
 -0.6265268838789916E+00
 -0.6737699354209207E+00
 -0.7184063005185738E+00
 -0.7602632902591797E+00
 -0.7991789684231156E+00
 -0.8350027780367691E+00
 -0.8675961238858169E+00
 -0.8968329087394985E+00
 -0.9226000212144879E+00
 -0.9447977733932452E+00
 -0.9633402865055051E+00
 -0.9781558231820203E+00
 -0.9891870649960374E+00
 -0.9963913342193725E+00
 -0.9997407589356182E+00
 -0.9992223808719805E+00
 -0.9948382055327801E+00
 -0.9866051944407951E+00
 -0.9745551995165488E+00
 -0.9587348398494776E+00
 -0.9392053213377478E+00
 -0.9160421998945342E+00
 -0.8893350891368675E+00
 -0.8591873136879574E+00
 -0.8257155094342944E+00
 -0.7890491722840632E+00
 -0.7493301571726323E+00
 -0.7067121292533646E+00
 -0.6613599693969947E+00
 -0.6134491362995682E+00
 -0.5631649876668364E+00
 -0.5107020631012990E+00
 -0.4562633314662756E+00
 -0.4000594056388028E+00
 -0.3423077276893303E+00
 -0.2832317276405880E+00
 -0.2230599590602378E+00
 -0.1620252148315152E+00
 -0.1003636265227933E+00
 -0.3831375084041577E-01
  0.2388435330085986E-01
  0.8599005351915985E-01
  0.1477630749254422E+00
  0.2089644297003559E+00
  0.2693573416916914E+00
  0.3287081624553168E+00
  0.3867872751956133E+00
  0.4433699831082540E+00
  0.4982373786884897E+00
  0.5511771906417537E+00
  0.6019846051200664E+00
  0.6504630581070260E+00
  0.6964249958857990E+00
  0.7396926006480147E+00
  0.7800984784363255E+00
  0.8174863067591045E+00
  0.8517114393718004E+00
  0.8826414658851540E+00
  0.9101567240352744E+00
  0.9341507626336915E+00
  0.9545307534063219E+00
  0.9712178501280292E+00
  0.9841474936633525E+00
  0.9932696617332593E+00
  0.9985490624416242E+00
  0.9999652708127206E+00
  0.9975128078114843E+00
  0.9912011615408332E+00
  0.9810547505340432E+00
  0.9671128292841856E+00
