  0.4699340299662961E+00
  0.4141445536334972E+00
  0.3567535747242487E+00
  0.2979829513760356E+00
  0.2380599190748819E+00
  0.1772162030477411E+00
  0.1156871149872604E+00
  0.5371063728279446E-01
 -0.8473501963688885E-02
 -0.7062475977528548E-01
 -0.1325027115678712E+00
 -0.1938679833821998E+00
 -0.2544831795915488E+00
 -0.3141138025912029E+00
 -0.3725291609886168E+00
 -0.4295032628424247E+00
 -0.4848156905439513E+00
 -0.5382524539958070E+00
 -0.5896068188179420E+00
 -0.6386801064015487E+00
 -0.6852824627348112E+00
 -0.7292335930410760E+00
 -0.7703634593988830E+00
 -0.8085129386538770E+00
 -0.8435344380840898E+00
 -0.8752924664419092E+00
 -0.9036641581673962E+00
 -0.9285397487477955E+00
 -0.9498229993863240E+00
 -0.9674315693388630E+00
 -0.9812973344792052E+00
 -0.9913666508612115E+00
 -0.9976005622587885E+00
 -0.9999749508811575E+00
 -0.9984806306806068E+00
 -0.9931233828919215E+00
 -0.9839239336661225E+00
 -0.9709178738851176E+00
 -0.9541555214675399E+00
 -0.9337017266985111E+00
 -0.9096356213364908E+00
 -0.8820503124678705E+00
 -0.8510525222937467E+00
 -0.8167621752424516E+00
 -0.7793119340052379E+00
 -0.7388466862900984E+00
 -0.6955229842793725E+00
 -0.6495084389597644E+00
 -0.6009810716679980E+00
 -0.5501286253608496E+00
 -0.4971478382741202E+00
 -0.4422436827806198E+00
 -0.3856285723918776E+00
 -0.3275215399715309E+00
 -0.2681473903397240E+00
 -0.2077358305469334E+00
 -0.1465205811820134E+00
 -0.8473847215264289E-01
 -0.2262852643641889E-01
  0.3956896465260794E-01
  0.1016133711043455E+00
  0.1632646551634251E+00
  0.2242842999886442E+00
  0.2844362324282887E+00
  0.3434877363412956E+00
  0.4012103529307959E+00
  0.4573807646068130E+00
  0.5117816589586424E+00
  0.5642025694943439E+00
  0.6144406898947172E+00
  0.6623016586315532E+00
  0.7076003109146242E+00
  0.7501613950582894E+00
  0.7898202504962193E+00
  0.8264234448211389E+00
  0.8598293673850057E+00
  0.8899087771630948E+00
  0.9165453027624165E+00
  0.9396358926400311E+00
  0.9590912137894445E+00
  0.9748359973526607E+00
  0.9868093298207686E+00
  0.9949648886964728E+00
  0.9992711217068421E+00
  0.9997113688729187E+00
  0.9962839269639422E+00
  0.9890020560868190E+00
  0.9778939283853448E+00
  0.9630025190476522E+00
  0.9443854400435556E+00
  0.9221147172350361E+00
  0.8962765117221686E+00
  0.8669707865025668E+00
  0.8343109197339642E+00
  0.7984232660961494E+00
  0.7594466679492516E+00
  0.7175319181796272E+00
  0.6728411768114745E+00
  0.6255473436412010E+00
  0.5758333893217040E+00
