           BREAK
  0.7890884374466888E+00
  0.7493493545436768E+00
  0.7067153125081309E+00
  0.6613503653804951E+00
  0.6134293142192258E+00
  0.5631369956849354E+00
  0.5106675382101582E+00
  0.4562235875336877E+00
  0.4000155036730883E+00
  0.3422605316693715E+00
  0.2831819486664946E+00
  0.2230081900875859E+00
  0.1619719578417191E+00
  0.1003093136412076E+00
  0.3825876063145131E-01
 -0.2393968336538881E-01
 -0.8604541761405968E-01
 -0.1478181918013782E+00
 -0.2090190374697199E+00
 -0.2694111940571269E+00
 -0.3287610260518324E+00
 -0.3868389277857965E+00
 -0.4434202124252460E+00
 -0.4982859817656171E+00
 -0.5512239735029398E+00
 -0.6020293827331458E+00
 -0.6505056545241812E+00
 -0.6964652445127385E+00
 -0.7397303445970944E+00
 -0.7801335709293840E+00
 -0.8175186115539937E+00
 -0.8517408311928767E+00
 -0.8826678308428344E+00
 -0.9101799600234478E+00
 -0.9341707796965636E+00
 -0.9545474740684187E+00
 -0.9712312096826594E+00
 -0.9841574404160740E+00
 -0.9932761571978094E+00
 -0.9985520814864998E+00
 -0.9999648017571411E+00
 -0.9975088524699322E+00
 -0.9911937352157276E+00
 -0.9810438819564054E+00
 -0.9670985605024403E+00
 -0.9494117225934107E+00
 -0.9280517951692091E+00
 -0.9031014156395060E+00
 -0.8746571121756637E+00
 -0.8428289302619937E+00
 -0.8077400069511488E+00
 -0.7695260944707930E+00
 -0.7283350350246026E+00
 -0.6843261888195030E+00
 -0.6376698175319849E+00
 -0.5885464255987567E+00
 -0.5371460618801445E+00
 -0.4836675843979722E+00
 -0.4283178909925050E+00
 -0.3713111188749001E+00
 -0.3128678161719362E+00
 -0.2532140886681552E+00
 -0.1925807250465076E+00
 -0.1312023040117717E+00
 -0.6931628675111830E-01
 -0.7162098242904779E-02
  0.5501979903204939E-01
  0.1169888353930916E+00
  0.1785052646770910E+00
  0.2393310917697710E+00
  0.2992309933625740E+00
  0.3579732283728203E+00
  0.4153305345049461E+00
  0.4710810074841672E+00
  0.5250089595610136E+00
  0.5769057539653335E+00
  0.6265706120814193E+00
  0.6738113902214720E+00
  0.7184453229922024E+00
  0.7602997303786291E+00
  0.7992126858095114E+00
  0.8350336426197993E+00
  0.8676240164864299E+00
  0.8968577215841534E+00
  0.9226216583870973E+00
  0.9448161512288574E+00
  0.9633553339282913E+00
  0.9781674819890893E+00
  0.9891952900879182E+00
  0.9963960937775843E+00
  0.9997420345474924E+00
  0.9992201676028102E+00
  0.9948325119453644E+00
  0.9865960425625170E+00
  0.9745426247542346E+00
  0.9587188908524334E+00
  0.9391860598095488E+00
  0.9160197003542971E+00
  0.8893094386309467E+00
  0.8591586114531786E+00
