           BREAK
 -0.9663899796976178E+00
 -0.9805031964915902E+00
 -0.9908230368925622E+00
 -0.9973095754458102E+00
 -0.9999377169952396E+00
 -0.9986972937723955E+00
 -0.9935931047339960E+00
 -0.9846448969959263E+00
 -0.9718872894355877E+00
 -0.9553696387582374E+00
 -0.9351558485455024E+00
 -0.9113241220248366E+00
 -0.8839666595164287E+00
 -0.8531893017280694E+00
 -0.8191111202780134E+00
 -0.7818639570300191E+00
 -0.7415919140227908E+00
 -0.6984507959671860E+00
 -0.6526075074680563E+00
 -0.6042394073027574E+00
 -0.5535336222544935E+00
 -0.5006863231551453E+00
 -0.4459019659384341E+00
 -0.3893925006396276E+00
 -0.3313765514020331E+00
 -0.2720785706626563E+00
 -0.2117279707893259E+00
 -0.1505582365288106E+00
 -0.8880602169969128E-01
 -0.2671023362471273E-01
  0.3548889115523821E-01
  0.9755071630963702E-01
  0.1592351366935382E+00
  0.2203035072677355E+00
  0.2805195663700580E+00
  0.3396503497658427E+00
  0.3974670919413021E+00
  0.4537461111528553E+00
  0.5082696748083392E+00
  0.5608268418321094E+00
  0.6112142787550843E+00
  0.6592370463724350E+00
  0.7047093539254972E+00
  0.7474552778901267E+00
  0.7873094425906347E+00
  0.8241176600061518E+00
  0.8577375262941266E+00
  0.8880389727231280E+00
  0.9149047688834991E+00
  0.9382309762290382E+00
  0.9579273501950414E+00
  0.9739176893369935E+00
  0.9861401301391524E+00
  0.9945473863524733E+00
  0.9991069319359207E+00
  0.9998011268934021E+00
  0.9966272855194866E+00
  0.9895976867898763E+00
  0.9787395268564362E+00
  0.9640948138305647E+00
  0.9457202052619716E+00
  0.9236867889416266E+00
  0.8980798078769027E+00
  0.8689983305029431E+00
  0.8365548674061309E+00
  0.8008749360424871E+00
  0.7620965751350184E+00
  0.7203698106287106E+00
  0.6758560752692985E+00
  0.6287275840513289E+00
  0.5791666679518036E+00
  0.5273650685270532E+00
  0.4735231961018992E+00
  0.4178493544210465E+00
  0.3605589347623587E+00
  0.3018735826298455E+00
  0.2420203402502701E+00
  0.1812307681908792E+00
  0.1197400494965496E+00
  0.5778607981228156E-01
 -0.4391452988839344E-02
 -0.6655199611146212E-01
 -0.1284550624899994E+00
 -0.1898611611863663E+00
 -0.2505327239338992E+00
 -0.3102350242428203E+00
 -0.3687370855114339E+00
 -0.4258125746297209E+00
 -0.4812406776181768E+00
 -0.5348069539142007E+00
 -0.5863041660009735E+00
 -0.6355330811691472E+00
 -0.6823032423095023E+00
 -0.7264337047544940E+00
 -0.7677537363180240E+00
 -0.8061034778251024E+00
 -0.8413345615759347E+00
 -0.8733106853517320E+00
 -0.9019081397415155E+00
 -0.9270162867497959E+00
