 -0.8775825672748326E+00
 -0.9056906804450502E+00
 -0.9302948522521157E+00
 -0.9512998939645545E+00
 -0.9686245411737953E+00
 -0.9822017681951201E+00
 -0.9919790473800565E+00
 -0.9979185523375460E+00
 -0.9999973042780550E+00
 -0.9982072609147201E+00
 -0.9925553475777775E+00
 -0.9830634304220019E+00
 -0.9697682318309044E+00
 -0.9527211883450033E+00
 -0.9319882516638576E+00
 -0.9076496334917578E+00
 -0.8797994952142171E+00
 -0.8485455836058675E+00
 -0.8140088139791143E+00
 -0.7763228023862824E+00
 -0.7356333486850689E+00
 -0.6920978724672159E+00
 -0.6458848040326957E+00
 -0.5971729327655962E+00
 -0.5461507154327316E+00
 -0.4930155470810204E+00
 -0.4379729973543959E+00
 -0.3812360151847903E+00
 -0.3230241049340838E+00
 -0.2635624771743734E+00
 -0.2030811773920178E+00
 -0.1418141959863432E+00
 -0.7999856300624325E-01
 -0.1787343112696852E-01
  0.4432084958511572E-01
  0.1063436615402423E+00
  0.1679550505279547E+00
  0.2289166540533309E+00
  0.2889926235151707E+00
  0.3479505366584152E+00
  0.4055622967707011E+00
  0.4616050151442287E+00
  0.5158618733888708E+00
  0.5681229622604066E+00
  0.6181860937586069E+00
  0.6658575833533295E+00
  0.7109529993123372E+00
  0.7532978762318462E+00
  0.7927283900092748E+00
  0.8290919916468735E+00
  0.8622479974341616E+00
  0.8920681332258718E+00
  0.9184370307097001E+00
  0.9412526737438933E+00
  0.9604267930378827E+00
  0.9758852076490214E+00
  0.9875681119742427E+00
  0.9954303071263150E+00
  0.9994413757995626E+00
  0.9995857999485075E+00
  0.9958630208241738E+00
  0.9882874411357805E+00
  0.9768883693294551E+00
  0.9617099061995510E+00
  0.9428107742712416E+00
  0.9202640906144749E+00
  0.8941570839682395E+00
  0.8645907572695144E+00
  0.8316794968925304E+00
  0.7955506301101077E+00
  0.7563439324891732E+00
  0.7142110871262481E+00
  0.6693150978150111E+00
  0.6218296584162893E+00
  0.5719384808702545E+00
  0.5198345844506118E+00
  0.4657195490105325E+00
  0.4098027351093592E+00
  0.3523004740372719E+00
  0.2934352308715570E+00
  0.2334347438024391E+00
  0.1725311430582611E+00
  0.1109600528387314E+00
  0.4895967973066824E-01
 -0.1323010886701402E-01
 -0.7536871274366462E-01
 -0.1372157297123791E+00
 -0.1985318856793510E+00
 -0.2590799603488614E+00
 -0.3186257049825193E+00
 -0.3769387486621212E+00
 -0.4337934895499794E+00
 -0.4889699676986115E+00
 -0.5422547160330381E+00
 -0.5934415862134295E+00
 -0.6423325461829884E+00
 -0.6887384463155022E+00
 -0.7324797511985021E+00
 -0.7733872342208981E+00
 -0.8113026322778588E+00
