  0.1880792109687857E+00
  0.1266545331093039E+00
  0.6474004455978148E-01
  0.2575231230764797E-02
 -0.5959944049424987E-01
 -0.1215434568470908E+00
 -0.1830171893453086E+00
 -0.2437828235586270E+00
 -0.3036052804773180E+00
 -0.3622531269978452E+00
 -0.4194994720675539E+00
 -0.4751228450728425E+00
 -0.5289080531134503E+00
 -0.5806470138787405E+00
 -0.6301395609293650E+00
 -0.6771942182889338E+00
 -0.7216289413646481E+00
 -0.7632718213425855E+00
 -0.8019617503418506E+00
 -0.8375490447614248E+00
 -0.8698960244135636E+00
 -0.8988775452073069E+00
 -0.9243814833243318E+00
 -0.9463091690162512E+00
 -0.9645757683467527E+00
 -0.9791106114029120E+00
 -0.9898574657067679E+00
 -0.9967747537699992E+00
 -0.9998357139504663E+00
 -0.9990285039885778E+00
 -0.9943562468231363E+00
 -0.9858370185095310E+00
 -0.9735037782871113E+00
 -0.9574042410663456E+00
 -0.9376006928291215E+00
 -0.9141697496563864E+00
 -0.8872020613154152E+00
 -0.8568019605534641E+00
 -0.8230870594546413E+00
 -0.7861877944216008E+00
 -0.7462469215424381E+00
 -0.7034189642951201E+00
 -0.6578696157261698E+00
 -0.6097750974164541E+00
 -0.5593214777141263E+00
 -0.5067039518723321E+00
 -0.4521260868766946E+00
 -0.3957990338841949E+00
 -0.3379407113203626E+00
 -0.2787749617952252E+00
 -0.2185306860997313E+00
 -0.1574409576330607E+00
 -0.9574212068692065E-01
 -0.3367287607539633E-01
  0.2852664235212879E-01
  0.9061579674218460E-01
  0.1523543762183223E+00
  0.2135035262103282E+00
  0.2738266725361570E+00
  0.3330904366614824E+00
  0.3910655385959071E+00
  0.4475276839327070E+00
  0.5022584316003159E+00
  0.5550460389683965E+00
  0.6056862810389407E+00
  0.6539832405531154E+00
  0.6997500659570752E+00
  0.7428096942943249E+00
  0.7829955362279007E+00
  0.8201521205421521E+00
  0.8541356956306742E+00
  0.8848147856433414E+00
  0.9120706991408364E+00
  0.9357979882887670E+00
  0.9559048568148533E+00
  0.9723135151508721E+00
  0.9849604813853857E+00
  0.9937968268629220E+00
  0.9987883654794416E+00
  0.9999157859417277E+00
  0.9971747264790335E+00
  0.9905757917179220E+00
  0.9801445116550277E+00
  0.9659212428864588E+00
  0.9479610124759665E+00
  0.9263333050659257E+00
  0.9011217940547531E+00
  0.8724240178807801E+00
  0.8403510026649891E+00
  0.8050268326725146E+00
  0.7665881702547297E+00
  0.7251837271291589E+00
  0.6809736890427283E+00
  0.6341290960442345E+00
  0.5848311807636231E+00
  0.5332706672581450E+00
  0.4796470331380371E+00
  0.4241677378263998E+00
  0.3670474199389845E+00
  0.3085070668890967E+00
