           BREAK
 -0.9982005400188179E+00
 -0.9999975584867860E+00
 -0.9979257806674499E+00
 -0.9919932218669079E+00
 -0.9822228340027070E+00
 -0.9686524168074295E+00
 -0.9513344715889070E+00
 -0.9303359981128763E+00
 -0.9057382353939009E+00
 -0.8776363473974037E+00
 -0.8461390548687732E+00
 -0.8113682147139128E+00
 -0.7734583485585486E+00
 -0.7325561223101933E+00
 -0.6888197787362388E+00
 -0.6424185252534355E+00
 -0.5935318792972658E+00
 -0.5423489738038628E+00
 -0.4890678254914217E+00
 -0.4338945687719847E+00
 -0.3770426582574472E+00
 -0.3187320429451286E+00
 -0.2591883152778351E+00
 -0.1986418383705179E+00
 -0.1373268547801379E+00
 -0.7548058026671611E-01
 -0.1334228605164303E-01
  0.4884762687619549E-01
  0.1108485578251421E+00
  0.1724206372381016E+00
  0.2333256547012605E+00
  0.2933279805339001E+00
  0.3521954773938567E+00
  0.4097003983718020E+00
  0.4656202680997914E+00
  0.5197387434652423E+00
  0.5718464506004100E+00
  0.6217417949092063E+00
  0.6692317409975291E+00
  0.7141325594897002E+00
  0.7562705378417305E+00
  0.7954826524014023E+00
  0.8316171991151119E+00
  0.8645343804413808E+00
  0.8941068462003867E+00
  0.9202201862670674E+00
  0.9427733732016701E+00
  0.9616791531052884E+00
  0.9768643831882485E+00
  0.9882703147453501E+00
  0.9958528204431979E+00
  0.9995825650402776E+00
  0.9994451188793109E+00
  0.9954410137127924E+00
  0.9875857406457462E+00
  0.9759096902036464E+00
  0.9604580347573808E+00
  0.9412905537601213E+00
  0.9184814024722340E+00
  0.8921188250689819E+00
  0.8623048132409551E+00
  0.8291547116080317E+00
  0.7927967714734521E+00
  0.7533716546444419E+00
  0.7110318892390058E+00
  0.6659412795842696E+00
  0.6182742724893622E+00
  0.5682152823445971E+00
  0.5159579776580249E+00
  0.4617045317895997E+00
  0.4056648407817205E+00
  0.3480557113122262E+00
  0.2891000219114684E+00
  0.2290258606885845E+00
  0.1680656429029084E+00
  0.1064552117944808E+00
  0.4443292615237617E-01
 -0.1776126184915092E-01
 -0.7988673497901499E-01
 -0.1417031418506170E+00
 -0.2029713267946697E+00
 -0.2634542551060250E+00
 -0.3229179300848942E+00
 -0.3811322983246228E+00
 -0.4378721397436354E+00
 -0.4929179389181683E+00
 -0.5460567343448088E+00
 -0.5970829423471744E+00
 -0.6457991524392207E+00
 -0.6920168910680647E+00
 -0.7355573507815423E+00
 -0.7762520819995048E+00
 -0.8139436447125240E+00
 -0.8484862175866968E+00
 -0.8797461621180608E+00
 -0.9076025396540038E+00
 -0.9319475792814171E+00
 -0.9526870947714210E+00
 -0.9697408489675936E+00
 -0.9830428642079411E+00
