           BREAK
  0.7374458087231747E+00
  0.6940135719467984E+00
  0.6478993515541085E+00
  0.5992808925852831E+00
  0.5483457662055224E+00
  0.4952906169187538E+00
  0.4403203797103616E+00
  0.3836474692704111E+00
  0.3254909436998534E+00
  0.2660756453222690E+00
  0.2056313214149516E+00
  0.1443917278374605E+00
  0.8259371867496514E-01
  0.2047632512904706E-01
 -0.4172017301843128E-01
 -0.1037551799711732E+00
 -0.1653887170655403E+00
 -0.2263823530185278E+00
 -0.2865001277829694E+00
 -0.3455094665208349E+00
 -0.4031820802270977E+00
 -0.4592948495747042E+00
 -0.5136306886049651E+00
 -0.5659793849566923E+00
 -0.6161384134108270E+00
 -0.6639137196246983E+00
 -0.7091204710406646E+00
 -0.7515837720771102E+00
 -0.7911393408449935E+00
 -0.8276341447796127E+00
 -0.8609269927343732E+00
 -0.8908890812503311E+00
 -0.9174044928914440E+00
 -0.9403706447200735E+00
 -0.9596986851794929E+00
 -0.9753138378492849E+00
 -0.9871556907446645E+00
 -0.9951784300411701E+00
 -0.9993510173209676E+00
 -0.9996573096553648E+00
 -0.9960961220591890E+00
 -0.9886812320755483E+00
 -0.9774413264733453E+00
 -0.9624198902638023E+00
 -0.9436750384654332E+00
 -0.9212792912683335E+00
 -0.8953192934676505E+00
 -0.8658954792517012E+00
 -0.8331216836416088E+00
 -0.7971247020857173E+00
 -0.7580437999126338E+00
 -0.7160301735407282E+00
 -0.6712463655285614E+00
 -0.6238656357293099E+00
 -0.5740712909820421E+00
 -0.5220559759331792E+00
 -0.4680209277317759E+00
 -0.4121751974820883E+00
 -0.3547348414654589E+00
 -0.2959220852605407E+00
 -0.2359644639957026E+00
 -0.1750939420598193E+00
 -0.1135460156771155E+00
 -0.5155880181802243E-01
  0.1062788302912064E-01
  0.7277345066147377E-01
  0.1346374719507113E+00
  0.1959806070166164E+00
  0.2565655311865769E+00
  0.3161578531586406E+00
  0.3745270218159326E+00
  0.4314472181841293E+00
  0.4866982290812103E+00
  0.5400662990794720E+00
  0.5913449574837557E+00
  0.6403358171264569E+00
  0.6868493418889339E+00
  0.7307055799799322E+00
  0.7717348601341079E+00
  0.8097784480371861E+00
  0.8446891604381913E+00
  0.8763319345728504E+00
  0.9045843506951894E+00
  0.9293371056957478E+00
  0.9504944359740771E+00
  0.9679744879295046E+00
  0.9817096346368156E+00
  0.9916467374816877E+00
  0.9977473517436662E+00
  0.9999878753313211E+00
  0.9983596400941512E+00
  0.9928689453579774E+00
  0.9835370335540714E+00
  0.9704000080363190E+00
  0.9535086934043560E+00
  0.9329284388730646E+00
  0.9087388654491588E+00
  0.8810335578929767E+00
  0.8499197026572187E+00
  0.8155176732033924E+00
