 -0.6822212159866691E+00
 -0.7263565978437572E+00
 -0.7676818462621586E+00
 -0.8060370822010201E+00
 -0.8412739169116880E+00
 -0.8732560260601819E+00
 -0.9018596771641575E+00
 -0.9269742083068021E+00
 -0.9485024562778059E+00
 -0.9663611324866452E+00
 -0.9804811451950051E+00
 -0.9908078668225396E+00
 -0.9973013452924007E+00
 -0.9999364585993064E+00
 -0.9987030120024264E+00
 -0.9936057774672712E+00
 -0.9846644752041016E+00
 -0.9719136973743795E+00
 -0.9554027742604606E+00
 -0.9351955834163357E+00
 -0.9113703025377843E+00
 -0.8840191070080574E+00
 -0.8532478132892231E+00
 -0.8191754695388288E+00
 -0.7819338950357066E+00
 -0.7416671701967936E+00
 -0.6985310791579865E+00
 -0.6526925070755861E+00
 -0.6043287944800473E+00
 -0.5536270511799196E+00
 -0.5007834323703457E+00
 -0.4460023797467195E+00
 -0.3894958305594812E+00
 -0.3314823976700688E+00
 -0.2721865237802250E+00
 -0.2118376131067878E+00
 -0.1506691438613393E+00
 -0.8891776496836314E-01
 -0.2682238051652869E-01
  0.3537677451481554E-01
  0.9743906367810906E-01
  0.1591243800332462E+00
  0.2201940750746813E+00
  0.2804118820161373E+00
  0.3395448298609014E+00
  0.3973641447213541E+00
  0.4536461349006943E+00
  0.5081730563126629E+00
  0.5607339548911087E+00
  0.6111254827302880E+00
  0.6591526847984129E+00
  0.7046297531807912E+00
  0.7473807459345538E+00
  0.7872402677738521E+00
  0.8240541099520871E+00
  0.8576798468655934E+00
  0.8879873870706301E+00
  0.9148594765819043E+00
  0.9381921525054626E+00
  0.9578951452509294E+00
  0.9738922277670177E+00
  0.9861215104491808E+00
  0.9945356805784688E+00
  0.9991021853652486E+00
  0.9998033578896230E+00
  0.9966364854513091E+00
  0.9896138200645516E+00
  0.9787625310574589E+00
  0.9641245999591496E+00
  0.9457566580813747E+00
  0.9237297674229697E+00
  0.8981291457447919E+00
  0.8690538368787517E+00
  0.8366163275464741E+00
  0.8009421121700223E+00
  0.7621692073583569E+00
  0.7204476179478917E+00
  0.6759387566629191E+00
  0.6288148196411387E+00
  0.5792581202402532E+00
  0.5274603837030046E+00
  0.4736220054094539E+00
  0.4179512755861883E+00
  0.3606635734719000E+00
  0.3019805340569466E+00
  0.2421291906206376E+00
  0.1813410963835744E+00
  0.1198514286732294E+00
  0.5789807906854929E-01
 -0.4279266956349658E-02
 -0.6644005732871598E-01
 -0.1283438040263992E+00
 -0.1897510134792965E+00
 -0.2504241131234398E+00
 -0.3101283705230966E+00
 -0.3686328015049685E+00
 -0.4257110637910765E+00
 -0.4811423326730669E+00
 -0.5347121553401137E+00
 -0.5862132805551747E+00
