           BREAK
 -0.9968017064517957E+00
 -0.9998417578060967E+00
 -0.9990136156355405E+00
 -0.9943204838615782E+00
 -0.9857805192994025E+00
 -0.9734267614128804E+00
 -0.9573070044913369E+00
 -0.9374836127427536E+00
 -0.9140332790187693E+00
 -0.8870467281049329E+00
 -0.8566283657241331E+00
 -0.8228958746111318E+00
 -0.7859797592209308E+00
 -0.7460228408323857E+00
 -0.7031797050004210E+00
 -0.6576161034945541E+00
 -0.6095083130374968E+00
 -0.5590424533247629E+00
 -0.5064137669637189E+00
 -0.4518258641178702E+00
 -0.3954899347786897E+00
 -0.3376239317125679E+00
 -0.2784517272439038E+00
 -0.2182022471365683E+00
 -0.1571085849245996E+00
 -0.9540710011860162E-01
 -0.3333650377671450E-01
  0.2886306502209577E-01
  0.9095096822948280E-01
  0.1526869998095795E+00
  0.2138323150494883E+00
  0.2741503546030742E+00
  0.3334077596931201E+00
  0.3913752749311020E+00
  0.4478286352617500E+00
  0.5025494336009796E+00
  0.5553259658104717E+00
  0.6059540497398567E+00
  0.6542378151677870E+00
  0.6999904615857735E+00
  0.7430349808930641E+00
  0.7832048422065954E+00
  0.8203446361366326E+00
  0.8543106760355041E+00
  0.8849715538933279E+00
  0.9122086487300755E+00
  0.9359165855170963E+00
  0.9560036428526362E+00
  0.9723921078141197E+00
  0.9850185766143513E+00
  0.9938341998984512E+00
  0.9988048717325196E+00
  0.9999113615528687E+00
  0.9971493885653385E+00
  0.9905296383068564E+00
  0.9800777213051730E+00
  0.9658340739967031E+00
  0.9478538022858102E+00
  0.9262064683507677E+00
  0.9009758215212031E+00
  0.8722594742682137E+00
  0.8401685245606775E+00
  0.8048271260487943E+00
  0.7663720077377307E+00
  0.7249519450096664E+00
  0.6807271840407351E+00
  0.6338688218397068E+00
  0.5845581443068935E+00
  0.5329859248742229E+00
  0.4793516864398912E+00
  0.4238629294530268E+00
  0.3667343291347692E+00
  0.3081869049415349E+00
  0.2484471654836864E+00
  0.1877462322077156E+00
  0.1263189452322658E+00
  0.6440295479733990E-01
  0.2237801841685549E-02
 -0.5993600873456355E-01
 -0.1218779385366186E+00
 -0.1833483462713599E+00
 -0.2441094148729469E+00
 -0.3039260715708416E+00
 -0.3625668973406923E+00
 -0.4198050222195854E+00
 -0.4754190030218514E+00
 -0.5291936800597393E+00
 -0.5809210095544429E+00
 -0.6304008685170692E+00
 -0.6774418289856062E+00
 -0.7218618986225176E+00
 -0.7634892248077393E+00
 -0.8021627595030885E+00
 -0.8377328823158269E+00
 -0.8700619793508988E+00
 -0.8990249756123586E+00
 -0.9245098188942273E+00
 -0.9464179132887121E+00
 -0.9646645006346255E+00
 -0.9791789884302434E+00
