 -0.9928086361902382E+00
 -0.9983306086673976E+00
 -0.9999902339617727E+00
 -0.9977810913060192E+00
 -0.9917117274440935E+00
 -0.9818056235657473E+00
 -0.9681011044624536E+00
 -0.9506511902562759E+00
 -0.9295233912753266E+00
 -0.9047994468694237E+00
 -0.8765750091764255E+00
 -0.8449592730626871E+00
 -0.8100745536693333E+00
 -0.7720558131987425E+00
 -0.7310501387720002E+00
 -0.6872161733774053E+00
 -0.6407235021115664E+00
 -0.5917519960876095E+00
 -0.5404911165487853E+00
 -0.4871391818797217E+00
 -0.4319026003511243E+00
 -0.3749950715662715E+00
 -0.3166367596987684E+00
 -0.2570534417201246E+00
 -0.1964756339125163E+00
 -0.1351377000460706E+00
 -0.7327694467096864E-01
 -0.1113269503224117E-01
  0.5105462484084913E-01
  0.1130444242886690E+00
  0.1745968768197398E+00
  0.2354738479528402E+00
  0.2954398165130544E+00
  0.3542627858174427E+00
  0.4117151812251394E+00
  0.4675747305794262E+00
  0.5216253241355290E+00
  0.5736578506472364E+00
  0.6234710063776863E+00
  0.6708720739044199E+00
  0.7156776677056489E+00
  0.7577144436432125E+00
  0.7968197695973757E+00
  0.8328423546589032E+00
  0.8656428344441985E+00
  0.8950943102690306E+00
  0.9210828400948876E+00
  0.9435078793485920E+00
  0.9622826699097204E+00
  0.9773345757609170E+00
  0.9886053640025351E+00
  0.9960514301444117E+00
  0.9996439668031704E+00
  0.9993690751523900E+00
  0.9952278186944645E+00
  0.9872362191461203E+00
  0.9754251944535044E+00
  0.9598404391766580E+00
  0.9405422477061408E+00
  0.9176052809957477E+00
  0.8911182777137806E+00
  0.8611837109303825E+00
  0.8279173916691344E+00
  0.7914480208567021E+00
  0.7519166914039583E+00
  0.7094763423449136E+00
  0.6642911671453117E+00
  0.6165359784700009E+00
  0.5663955318666994E+00
  0.5140638109826740E+00
  0.4597432770796859E+00
  0.4036440857507114E+00
  0.3459832738687679E+00
  0.2869839199134243E+00
  0.2268742809234965E+00
  0.1658869094149045E+00
  0.1042577536801709E+00
  0.4222524495031105E-01
 -0.1997062504928239E-01
 -0.8208923258019715E-01
 -0.1438902528175030E+00
 -0.2051345896198144E+00
 -0.2655853005458082E+00
 -0.3250085135385002E+00
 -0.3831743317308038E+00
 -0.4398577228718407E+00
 -0.4948393899330105E+00
 -0.5479066195255852E+00
 -0.5988541048474918E+00
 -0.6474847399754456E+00
 -0.6936103824294735E+00
 -0.7370525810596197E+00
 -0.7776432664387809E+00
 -0.8152254010906643E+00
 -0.8496535870372764E+00
 -0.8807946283154576E+00
 -0.9085280462861833E+00
 -0.9327465457430134E+00
 -0.9533564300164079E+00
 -0.9702779634679387E+00
