           BREAK
  0.1486526096306764E+00
  0.8688558218799326E-01
  0.2478256921010186E-01
 -0.3741620594908231E-01
 -0.9947013929294653E-01
 -0.1611391794009078E+00
 -0.2221847579896439E+00
 -0.2823707143234991E+00
 -0.3414642099840702E+00
 -0.3992366305294052E+00
 -0.4554644706101896E+00
 -0.5099301991630529E+00
 -0.5624231013690218E+00
 -0.6127400941476678E+00
 -0.6606865120539054E+00
 -0.7060768605541039E+00
 -0.7487355337805808E+00
 -0.7884974939979257E+00
 -0.8252089101603358E+00
 -0.8587277530955404E+00
 -0.8889243450172138E+00
 -0.9156818612433560E+00
 -0.9388967821821076E+00
 -0.9584792938382543E+00
 -0.9743536352922891E+00
 -0.9864583918086915E+00
 -0.9947467324401467E+00
 -0.9991865912089537E+00
 -0.9997607911650046E+00
 -0.9964671108406093E+00
 -0.9893182928452214E+00
 -0.9783419945669125E+00
 -0.9635806811713806E+00
 -0.9450914613125060E+00
 -0.9229458661900692E+00
 -0.8972295728094372E+00
 -0.8680420725138707E+00
 -0.8354962860718420E+00
 -0.7997181268085193E+00
 -0.7608460134715688E+00
 -0.7190303347159150E+00
 -0.6744328672792474E+00
 -0.6272261500992528E+00
 -0.5775928167939832E+00
 -0.5257248890878691E+00
 -0.4718230339169681E+00
 -0.4160957870875766E+00
 -0.3587587464917020E+00
 -0.3000337380007045E+00
 -0.2401479572640944E+00
 -0.1793330907336994E+00
 -0.1178244193137921E+00
 -0.5585990810497871E-01
  0.6320714236544967E-02
  0.6847688296259523E-01
  0.1303681279312754E+00
  0.1917550039392407E+00
  0.2524000170886712E+00
  0.3120685436050281E+00
  0.3705297375508565E+00
  0.4275574239238707E+00
  0.4829309736841023E+00
  0.5364361573247919E+00
  0.5878659736847351E+00
  0.6370214507955618E+00
  0.6837124156656263E+00
  0.7277582300223681E+00
  0.7689884891666988E+00
  0.8072436812356760E+00
  0.8423758043229127E+00
  0.8742489390692043E+00
  0.9027397745081215E+00
  0.9277380851321857E+00
  0.9491471573339436E+00
  0.9668841635721271E+00
  0.9808804828153180E+00
  0.9910819660233903E+00
  0.9974491456396249E+00
  0.9999573882830205E+00
  0.9985969900500590E+00
  0.9933732140572228E+00
  0.9843062700790206E+00
  0.9714312363602942E+00
  0.9547979239053052E+00
  0.9344706837686352E+00
  0.9105281580934577E+00
  0.8830629758603621E+00
  0.8521813945238259E+00
  0.8180028889227620E+00
  0.7806596890555774E+00
  0.7402962685079992E+00
  0.6970687855128402E+00
  0.6511444788041238E+00
  0.6027010206029205E+00
  0.5519258292380377E+00
  0.4990153440609104E+00
  0.4441742654599184E+00
  0.3876147629143491E+00
  0.3295556541518930E+00
  0.2702215585853752E+00
