           BREAK
 -0.6216099745714386E+00
 -0.6691066836136927E+00
 -0.7140147473629964E+00
 -0.7561604257782130E+00
 -0.7953806657738234E+00
 -0.8315237320955701E+00
 -0.8644497943936331E+00
 -0.8940314682263848E+00
 -0.9201543079049364E+00
 -0.9427172492741566E+00
 -0.9616330007189055E+00
 -0.9768283808840442E+00
 -0.9882446018025698E+00
 -0.9958374963371721E+00
 -0.9995776890557422E+00
 -0.9994507098800650E+00
 -0.9954570500682317E+00
 -0.9876121603143222E+00
 -0.9759463909728082E+00
 -0.9605048746389883E+00
 -0.9413473515397695E+00
 -0.9185479384103417E+00
 -0.8921948417509261E+00
 -0.8623900165729587E+00
 -0.8292487719549561E+00
 -0.7928993249340899E+00
 -0.7534823044593795E+00
 -0.7111502073256061E+00
 -0.6660668081928417E+00
 -0.6184065259741046E+00
 -0.5683537490424692E+00
 -0.5161021218682720E+00
 -0.4618537958462734E+00
 -0.4058186472111833E+00
 -0.3482134650672810E+00
 -0.2892611126734851E+00
 -0.2291896652287003E+00
 -0.1682315274931786E+00
 -0.1066225346596523E+00
 -0.4460103995278884E-01
  0.1759300751313323E-01
  0.7971899105073212E-01
  0.1415365572987403E+00
  0.2028065461024698E+00
  0.2632919157779871E+00
  0.3227586601803411E+00
  0.3809767140278748E+00
  0.4377208429801099E+00
  0.4927715150256525E+00
  0.5459157498088968E+00
  0.5969479426096477E+00
  0.6456706597878396E+00
  0.6918954026159359E+00
  0.7354433365438848E+00
  0.7761459830752552E+00
  0.8138458715778055E+00
  0.8483971485067715E+00
  0.8796661416838942E+00
  0.9075318774491110E+00
  0.9318865486841443E+00
  0.9526359318972996E+00
  0.9696997517558485E+00
  0.9830119916556990E+00
  0.9925211491268091E+00
  0.9981904350862407E+00
  0.9999979161679722E+00
  0.9979365995788334E+00
  0.9920144601522610E+00
  0.9822544094952189E+00
  0.9686942073476430E+00
  0.9513863154973390E+00
  0.9303976948155217E+00
  0.9058095461982073E+00
  0.8777169964157271E+00
  0.8462287300857293E+00
  0.8114665691935060E+00
  0.7735650017864026E+00
  0.7326706616656870E+00
  0.6889417610888551E+00
  0.6425474786771491E+00
  0.5936673048963335E+00
  0.5424903476429511E+00
  0.4892146006226117E+00
  0.4340461773508091E+00
  0.3771985137397654E+00
  0.3188915423563580E+00
  0.2593508415457372E+00
  0.1988067627125358E+00
  0.1374935391360319E+00
  0.7564837976709461E-01
  0.1351055151283676E-01
 -0.4867954644056551E-01
 -0.1106813126856293E+00
 -0.1722548744336608E+00
 -0.2331620155359782E+00
 -0.2931670980959185E+00
 -0.3520379741060748E+00
 -0.4095468835838420E+00
 -0.4654713357305460E+00
 -0.5195949697051152E+00
