           BREAK
 -0.4175944690897949E+00
 -0.4732761081262625E+00
 -0.5271267267756917E+00
 -0.5789379896927959E+00
 -0.6285094507342125E+00
 -0.6756493286342041E+00
 -0.7201752491078446E+00
 -0.7619149505229064E+00
 -0.8007069504198040E+00
 -0.8364011703082145E+00
 -0.8688595163286601E+00
 -0.8979564135367497E+00
 -0.9235792917461492E+00
 -0.9456290210529462E+00
 -0.9640202953581595E+00
 -0.9786819624058302E+00
 -0.9895572990607437E+00
 -0.9966042307613978E+00
 -0.9997954942996449E+00
 -0.9991187432975374E+00
 -0.9945765959735150E+00
 -0.9861866250132718E+00
 -0.9739812895845689E+00
 -0.9580078097590745E+00
 -0.9383279838271036E+00
 -0.9150179492120395E+00
 -0.8881678879094353E+00
 -0.8578816775903875E+00
 -0.8242764897190054E+00
 -0.7874823362387803E+00
 -0.7476415665816292E+00
 -0.7049083169456006E+00
 -0.6594479139718664E+00
 -0.6114362351280664E+00
 -0.5610590282725524E+00
 -0.5085111930320105E+00
 -0.4539960267726665E+00
 -0.3977244380822705E+00
 -0.3399141308057427E+00
 -0.2807887617912911E+00
 -0.2205770756055137E+00
 -0.1595120195651075E+00
 -0.9782984250895697E-01
 -0.3576918079726822E-01
  0.2642986492614694E-01
  0.8852665863661939E-01
  0.1502809599026523E+00
  0.2114538533294823E+00
  0.2718086728763275E+00
  0.3311119174713215E+00
  0.3891341543818005E+00
  0.4456509068449742E+00
  0.5004435225249138E+00
  0.5533000194359597E+00
  0.6040159060598461E+00
  0.6523949724836581E+00
  0.6982500494978682E+00
  0.7414037327176439E+00
  0.7816890689259542E+00
  0.8189502019831282E+00
  0.8530429758039831E+00
  0.8838354920697137E+00
  0.9112086205168639E+00
  0.9350564598291716E+00
  0.9552867473491914E+00
  0.9718212160245875E+00
  0.9845958972081601E+00
  0.9935613681401112E+00
  0.9986829431551012E+00
  0.9999408078743515E+00
  0.9973300958636243E+00
  0.9908609074605149E+00
  0.9805582706982029E+00
  0.9664620444768575E+00
  0.9486267643572959E+00
  0.9271214315734911E+00
  0.9020292460802027E+00
  0.8734472846685171E+00
  0.8414861253945978E+00
  0.8062694197746710E+00
  0.7679334144013303E+00
  0.7266264238319368E+00
  0.6825082567884091E+00
  0.6357495978883274E+00
  0.5865313472993025E+00
  0.5350439208713715E+00
  0.4814865134550659E+00
  0.4260663282552341E+00
  0.3689977752020905E+00
  0.3105016414408501E+00
  0.2508042371491563E+00
  0.1901365199869685E+00
  0.1287332015662379E+00
  0.6683183939728554E-01
  0.4671917824940719E-02
 -0.5750607848986936E-01
 -0.1194615949585464E+00
 -0.1809549377237966E+00
 -0.2417482009886026E+00
 -0.3016061874275274E+00
