  0.4161549826001911E+00
  0.3588171248504879E+00
  0.3000916447163948E+00
  0.2402056017772204E+00
  0.1793905771687612E+00
  0.1178817708109212E+00
  0.5591708602690459E-01
 -0.6263795170695002E-02
 -0.6842034276798446E-01
 -0.1303121119903500E+00
 -0.1916996756310071E+00
 -0.2523455519792399E+00
 -0.3120151248544499E+00
 -0.3704775522641330E+00
 -0.4275066602326398E+00
 -0.4828818183924707E+00
 -0.5363887939902809E+00
 -0.5878205810350240E+00
 -0.6369782014051905E+00
 -0.6836714748352356E+00
 -0.7277197548174081E+00
 -0.7689526275836555E+00
 -0.8072105714724118E+00
 -0.8423455741362272E+00
 -0.8742217052076208E+00
 -0.9027156422115811E+00
 -0.9277171476930149E+00
 -0.9491294957154178E+00
 -0.9668698460823273E+00
 -0.9808695648349276E+00
 -0.9910744897867034E+00
 -0.9974451400684191E+00
 -0.9999568688731555E+00
 -0.9985999588107348E+00
 -0.9933796595028213E+00
 -0.9843161672733718E+00
 -0.9714445470130886E+00
 -0.9548145965202155E+00
 -0.9344906538425497E+00
 -0.9105513483660342E+00
 -0.8830892966129382E+00
 -0.8522107439265210E+00
 -0.8180351534284398E+00
 -0.7806947438391364E+00
 -0.7403339779492947E+00
 -0.6971090037213690E+00
 -0.6511870501834510E+00
 -0.6027457804526501E+00
 -0.5519726043910040E+00
 -0.4990639535531342E+00
 -0.4442245212307173E+00
 -0.3876664705339070E+00
 -0.3296086135734766E+00
 -0.2702755649192706E+00
 -0.2098968726100672E+00
 -0.1487061300768119E+00
 -0.8694007241501182E-01
 -0.2483766050264242E-01
  0.3736084349306946E-01
  0.9941480564329369E-01
  0.1610841512235193E+00
  0.2221302935160271E+00
  0.2823170568555501E+00
  0.3414115903470409E+00
  0.3991852687205488E+00
  0.4554145768379770E+00
  0.5098819744297276E+00
  0.5623767377157473E+00
  0.6126957746548914E+00
  0.6606444106685804E+00
  0.7060371417989250E+00
  0.7486983523874990E+00
  0.7884629944982106E+00
  0.8251772264556982E+00
  0.8586990080288887E+00
  0.8888986499570585E+00
  0.9156593156923875E+00
  0.9388774734178634E+00
  0.9584632965917740E+00
  0.9743410114691418E+00
  0.9864491902556241E+00
  0.9947409887597181E+00
  0.9991843276238355E+00
  0.9997620164331055E+00
  0.9964718202217520E+00
  0.9893264681197387E+00
  0.9783536041062412E+00
  0.9635956800604613E+00
  0.9451097915235509E+00
  0.9229674568070592E+00
  0.8972543403024735E+00
  0.8680699210623378E+00
  0.8355271079351148E+00
  0.7997518027427940E+00
  0.7608824131911969E+00
  0.7190693173974493E+00
  0.6744742821062658E+00
  0.6272698368458359E+00
  0.5776386064445961E+00
  0.5257726044912496E+00
