           BREAK
 -0.9998000066755466E+00
 -0.9991093005048675E+00
 -0.9945532345446059E+00
 -0.9861494353289522E+00
 -0.9739304155245034E+00
 -0.9579434481451184E+00
 -0.9382503836618371E+00
 -0.9149274107154277E+00
 -0.8880647613573328E+00
 -0.8577663619593895E+00
 -0.8241494311428875E+00
 -0.7873440262824893E+00
 -0.7474925403395167E+00
 -0.7047491509712471E+00
 -0.6592792240475056E+00
 -0.6112586738822449E+00
 -0.5608732826552356E+00
 -0.5083179816569079E+00
 -0.4537960971370534E+00
 -0.3975185636750673E+00
 -0.3397031081150367E+00
 -0.2805734072228769E+00
 -0.2203582223243810E+00
 -0.1592905142720853E+00
 -0.9760654216499220E-01
 -0.3554494930801166E-01
  0.2665416005262414E-01
  0.8875014964604534E-01
  0.1505027821517292E+00
  0.2116731486310212E+00
  0.2720245928194084E+00
  0.3313236267036308E+00
  0.3893408338414466E+00
  0.4458517569292793E+00
  0.5006377661839194E+00
  0.5534869051786849E+00
  0.6041947108616579E+00
  0.6525650045835146E+00
  0.6984106510746060E+00
  0.7415542824349627E+00
  0.7818289843362439E+00
  0.8190789417808478E+00
  0.8531600419198653E+00
  0.8839404315976983E+00
  0.9113010274663031E+00
  0.9351359766955305E+00
  0.9553530664971603E+00
  0.9718740808782673E+00
  0.9846351032437020E+00
  0.9935867636769795E+00
  0.9986944299428979E+00
  0.9999383414729256E+00
  0.9973136858150043E+00
  0.9908306172519904E+00
  0.9805142175167061E+00
  0.9664043987555905E+00
  0.9485557491163550E+00
  0.9270373215570473E+00
  0.9019323666935704E+00
  0.8733380107192221E+00
  0.8413648796423218E+00
  0.8061366712956761E+00
  0.7677896767736927E+00
  0.7264722531486136E+00
  0.6823442495058251E+00
  0.6355763885187967E+00
  0.5863496059562271E+00
  0.5348543506767008E+00
  0.4812898478190569E+00
  0.4258633280390268E+00
  0.3687892257740839E+00
  0.3102883496382685E+00
  0.2505870281565475E+00
  0.1899162341437271E+00
  0.1285106911154992E+00
  0.6660796518875652E-01
  0.4447545984441408E-02
 -0.5773007991127416E-01
 -0.1196843593428745E+00
 -0.1811756032389219E+00
 -0.2419659139225132E+00
 -0.3018201054911780E+00
 -0.3605066137054426E+00
 -0.4177983918658864E+00
 -0.4734737892127212E+00
 -0.5273174084495124E+00
 -0.5791209390734825E+00
 -0.6286839632883716E+00
 -0.6758147313819625E+00
 -0.7203309035684642E+00
 -0.7620602554257195E+00
 -0.8008413441980374E+00
 -0.8365241333868531E+00
 -0.8689705732127891E+00
 -0.8980551347034359E+00
 -0.9236652953405599E+00
 -0.9457019743878671E+00
 -0.9640799162151265E+00
 -0.9787280201356430E+00
 -0.9895896154810045E+00
