  0.8570111146917998E+00
  0.8232769055866589E+00
  0.7863641201780860E+00
  0.7464141984733572E+00
  0.7035806031876228E+00
  0.6580281746160647E+00
  0.6099324506336818E+00
  0.5594789529247737E+00
  0.5068624409139174E+00
  0.4522861351995319E+00
  0.3959609125832338E+00
  0.3381044750462097E+00
  0.2789404952503896E+00
  0.2186977413394198E+00
  0.1576091839844433E+00
  0.9591108876414275E-01
  0.3384209708885007E-01
 -0.2835770102379472E-01
 -0.9044769893807653E-01
 -0.1521877067151985E+00
 -0.2133388822789361E+00
 -0.2736646569396303E+00
 -0.3329316517849354E+00
 -0.3909105814637650E+00
 -0.4473771419244078E+00
 -0.5021128787183046E+00
 -0.5549060325467073E+00
 -0.6055523588078554E+00
 -0.6538559179967419E+00
 -0.6996298339173418E+00
 -0.7426970167877770E+00
 -0.7828908484515684E+00
 -0.8200558270522369E+00
 -0.8540481686834217E+00
 -0.8847363636915814E+00
 -0.9120016854826317E+00
 -0.9357386498666964E+00
 -0.9558554231658182E+00
 -0.9722741775071696E+00
 -0.9849313919282393E+00
 -0.9937780981298141E+00
 -0.9987800699265007E+00
 -0.9999179556622055E+00
 -0.9971873530785201E+00
 -0.9905988263465332E+00
 -0.9801778651962729E+00
 -0.9659647863019764E+00
 -0.9480145773047406E+00
 -0.9263966840760346E+00
 -0.9011947420451136E+00
 -0.8725062526297868E+00
 -0.8404422060223725E+00
 -0.8051266517902049E+00
 -0.7666962189519554E+00
 -0.7252995873865014E+00
 -0.6810969126193618E+00
 -0.6342592062120791E+00
 -0.5849676741517138E+00
 -0.5334130158000795E+00
 -0.4797946861149595E+00
 -0.4243201239976252E+00
 -0.3672039497520216E+00
 -0.3086671347605069E+00
 -0.2489361465885013E+00
 -0.1882420728254717E+00
 -0.1268197270519393E+00
 -0.6490674039135626E-01
 -0.2742642161448483E-02
  0.5943206681817686E-01
  0.1213768446769830E+00
  0.1828520391032744E+00
  0.2436198145124265E+00
  0.3034450721865684E+00
  0.3620963598258419E+00
  0.4193467669923905E+00
  0.4749748029827637E+00
  0.5287652537324155E+00
  0.5805100144371144E+00
  0.6300088946700050E+00
  0.6770703928794730E+00
  0.7215124372714510E+00
  0.7631630902098188E+00
  0.8018612134097129E+00
  0.8374570913502487E+00
  0.8698130104947861E+00
  0.8988037920778481E+00
  0.9243172763974474E+00
  0.9462547567391841E+00
  0.9645313612533489E+00
  0.9790763813076208E+00
  0.9898335450450292E+00
  0.9967612350888376E+00
  0.9998326495520906E+00
  0.9990359057289032E+00
  0.9943740860663469E+00
  0.9858652262390575E+00
  0.9735422453727146E+00
  0.9574528186863397E+00
  0.9376591930461353E+00
  0.9142379461444515E+00
