           BREAK
 -0.1896405844300960E+00
 -0.2503153093688876E+00
 -0.3100215851328835E+00
 -0.3685284278191045E+00
 -0.4256094916816904E+00
 -0.4810439453930384E+00
 -0.5346173268313876E+00
 -0.5861223731195053E+00
 -0.6353598227281929E+00
 -0.6821391865610001E+00
 -0.7262794850522524E+00
 -0.7676099484385347E+00
 -0.8059706775035311E+00
 -0.8412132622469116E+00
 -0.8732013560890421E+00
 -0.9018112033940343E+00
 -0.9269321182732226E+00
 -0.9484669128188910E+00
 -0.9663322731131077E+00
 -0.9804590815581409E+00
 -0.9907926842822656E+00
 -0.9972931025870134E+00
 -0.9999351876182299E+00
 -0.9987087176628389E+00
 -0.9936184376950802E+00
 -0.9846840410193459E+00
 -0.9719400930807203E+00
 -0.9554358977380385E+00
 -0.9352353065168501E+00
 -0.9114164715802772E+00
 -0.8840715433734718E+00
 -0.8533063141114480E+00
 -0.8192398084895475E+00
 -0.7820038232000186E+00
 -0.7417424170362148E+00
 -0.6986113535571140E+00
 -0.6527774984683640E+00
 -0.6044181740512879E+00
 -0.5537204731374251E+00
 -0.5008805352827118E+00
 -0.4461027879416423E+00
 -0.3895991555771600E+00
 -0.3315882397660830E+00
 -0.2722944734720673E+00
 -0.2119472527580713E+00
 -0.1507800492975520E+00
 -0.8902950711791803E-01
 -0.2693452707075727E-01
  0.3526465742914597E-01
  0.9732740982022178E-01
  0.1590136213702264E+00
  0.2200846401102797E+00
  0.2803041941329720E+00
  0.3394393056824719E+00
  0.3972611925002061E+00
  0.4535461529389720E+00
  0.5080764314211529E+00
  0.5606410608927446E+00
  0.6110366790139040E+00
  0.6590683149283357E+00
  0.7045501435676578E+00
  0.7473062045724918E+00
  0.7871710830489105E+00
  0.8239905495265261E+00
  0.8576221566423523E+00
  0.8879357902419752E+00
  0.9148141727659417E+00
  0.9381533169738555E+00
  0.9578629282508054E+00
  0.9738667539396915E+00
  0.9861028783479410E+00
  0.9945239622872960E+00
  0.9990974262199349E+00
  0.9998055763023770E+00
  0.9966456728395228E+00
  0.9896299408840050E+00
  0.9787855229398325E+00
  0.9641543739533178E+00
  0.9457930989975378E+00
  0.9237727342783026E+00
  0.8981784723088780E+00
  0.8691093323166974E+00
  0.8366777771572106E+00
  0.8010092782169440E+00
  0.7622418299890759E+00
  0.7205254161995581E+00
  0.6760214295492103E+00
  0.6289020473167193E+00
  0.5793495652381915E+00
  0.5275556922403681E+00
  0.4737208087560262E+00
  0.4180531914910180E+00
  0.3607682076421477E+00
  0.3020874816833352E+00
  0.2422380379435777E+00
  0.1814514222939188E+00
  0.1199628063414633E+00
  0.5801007759611206E-01
 -0.4167080870004370E-02
 -0.6632811770976052E-01
