  0.2076836419500247E+00
  0.1464670194446394E+00
  0.8468395451872650E-01
  0.2257342006033267E-01
 -0.3962433106922873E-01
 -0.1016686985212957E+00
 -0.1633196676439233E+00
 -0.2243387398844966E+00
 -0.2844898569174010E+00
 -0.3435403150071705E+00
 -0.4012616661385901E+00
 -0.4574306024827484E+00
 -0.5118298208212939E+00
 -0.5642488636196396E+00
 -0.6144849335228433E+00
 -0.6623436781447785E+00
 -0.7076399421314149E+00
 -0.7501984836018359E+00
 -0.7898546522054303E+00
 -0.8264550261798165E+00
 -0.8598580059508194E+00
 -0.8899343619824873E+00
 -0.9165677347610020E+00
 -0.9396550849806703E+00
 -0.9591070921921566E+00
 -0.9748485003720211E+00
 -0.9868184090775904E+00
 -0.9949705090614401E+00
 -0.9992732614344148E+00
 -0.9997100196843891E+00
 -0.9962790940789205E+00
 -0.9889937582027873E+00
 -0.9778821976052174E+00
 -0.9629874007555462E+00
 -0.9443669927292059E+00
 -0.9220930122675117E+00
 -0.8962516330737673E+00
 -0.8669428304239443E+00
 -0.8342799943817584E+00
 -0.7983894911145412E+00
 -0.7594101740070865E+00
 -0.7174928464648800E+00
 -0.6727996784850191E+00
 -0.6255035792520013E+00
 -0.5757875281856778E+00
 -0.5238438670294259E+00
 -0.4698735557173118E+00
 -0.4140853948991412E+00
 -0.3566952181313111E+00
 -0.2979250568587094E+00
 -0.2380022814181857E+00
 -0.1771587213868903E+00
 -0.1156297686786765E+00
 -0.5365346685851602E-01
  0.8530409801811807E-02
  0.7068128396379551E-01
  0.1325587059691788E+00
  0.1939232840929751E+00
  0.2545376107035476E+00
  0.3141671807466157E+00
  0.3725812989997497E+00
  0.4295539725873757E+00
  0.4848647853033032E+00
  0.5382997503582108E+00
  0.5896521382529608E+00
  0.6387232765748723E+00
  0.6853233186226897E+00
  0.7292719778865907E+00
  0.7703992255416647E+00
  0.8085459482564099E+00
  0.8435645637713005E+00
  0.8753195918658759E+00
  0.9036881785053998E+00
  0.9285605711392494E+00
  0.9498405433122125E+00
  0.9674457669459535E+00
  0.9813081308503502E+00
  0.9913740042324580E+00
  0.9976044441836313E+00
  0.9999753463420681E+00
  0.9984775381479061E+00
  0.9931168143300734E+00
  0.9839139144876086E+00
  0.9709044428521809E+00
  0.9541387305422351E+00
  0.9336816408416702E+00
  0.9096123182563969E+00
  0.8820238823196183E+00
  0.8510230673304461E+00
  0.8167298094196318E+00
  0.7792767825399768E+00
  0.7388088851765855E+00
  0.6954826797627701E+00
  0.6494657869704171E+00
  0.6009362372181686E+00
  0.5500817819063145E+00
  0.4970991670431053E+00
  0.4421933720726645E+00
  0.3855768168493363E+00
  0.3274685398265432E+00
