 -0.2092384506404089E+00
 -0.2696272654984278E+00
 -0.3289729198559683E+00
 -0.3870458241990655E+00
 -0.4436213110216612E+00
 -0.4984805045452326E+00
 -0.5514111679030197E+00
 -0.6022085245406018E+00
 -0.6506760506780983E+00
 -0.6966262357861978E+00
 -0.7398813081479578E+00
 -0.7802739227102173E+00
 -0.8176478085718232E+00
 -0.8518583736100539E+00
 -0.8827732639109105E+00
 -0.9102728758425661E+00
 -0.9342508187935943E+00
 -0.9546143267877156E+00
 -0.9712846173840808E+00
 -0.9841971964756204E+00
 -0.9933021078070211E+00
 -0.9985641262475169E+00
 -0.9999628940711248E+00
 -0.9974929997173513E+00
 -0.9911639987278017E+00
 -0.9810003767778293E+00
 -0.9670414549462990E+00
 -0.9493412375900064E+00
 -0.9279682034113271E+00
 -0.9030050405274188E+00
 -0.8745483265659578E+00
 -0.8427081550250588E+00
 -0.8076077093429138E+00
 -0.7693827863250037E+00
 -0.7281812707726351E+00
 -0.6841625633453763E+00
 -0.6374969638708713E+00
 -0.5883650124878912E+00
 -0.5369567911716112E+00
 -0.4834711883433727E+00
 -0.4281151294100214E+00
 -0.3711027762097050E+00
 -0.3126546984613271E+00
 -0.2529970204231528E+00
 -0.1923605460619825E+00
 -0.1309798661174415E+00
 -0.6909245051598370E-01
 -0.6937729645875892E-02
  0.5524383195245935E-01
  0.1172116658970346E+00
  0.1787260306766360E+00
  0.2395489391641541E+00
  0.2994450793425463E+00
  0.3581827246813158E+00
  0.4155346306414447E+00
  0.4712789138403659E+00
  0.5251999104756686E+00
  0.5770890106864496E+00
  0.6267454656243435E+00
  0.6739771641118163E+00
  0.7186013758829883E+00
  0.7604454585315381E+00
  0.7993475254306309E+00
  0.8351570720408295E+00
  0.8677355581829189E+00
  0.8969569440229471E+00
  0.9227081776958548E+00
  0.9448896326811820E+00
  0.9634154932387184E+00
  0.9782140864129335E+00
  0.9892281593217178E+00
  0.9964151006566594E+00
  0.9997471055379201E+00
  0.9992112830859133E+00
  0.9948097062936136E+00
  0.9865594040065480E+00
  0.9744922950415025E+00
  0.9586550646988206E+00
  0.9391089841460428E+00
  0.9159296733716664E+00
  0.8892068086260996E+00
  0.8590437754816651E+00
  0.8255572688539118E+00
  0.7888768415316540E+00
  0.7491444029623958E+00
  0.7065136702322542E+00
  0.6611495733644069E+00
  0.6132276172368816E+00
  0.5629332025882714E+00
  0.5104609087382971E+00
  0.4560137407982181E+00
  0.3998023442834999E+00
  0.3420441901672245E+00
  0.2829627335271553E+00
  0.2227865490414466E+00
  0.1617484466776127E+00
  0.1000845709960000E+00
  0.3803348755235416E-01
 -0.2416474006597353E-01
 -0.8626947899940114E-01
