  0.8955144722760102E+00
  0.8660553142176911E+00
  0.8332543407887322E+00
  0.7972366401766025E+00
  0.7581401005809665E+00
  0.7161148108781030E+00
  0.6713224256113569E+00
  0.6239354948681923E+00
  0.5741367600321535E+00
  0.5221184167801136E+00
  0.4680813470356604E+00
  0.4122343218918763E+00
  0.3547931777843101E+00
  0.2959799684301826E+00
  0.2360220952553033E+00
  0.1751514192077833E+00
  0.1136033570091841E+00
  0.5161596502088497E-01
 -0.1057098599254349E-01
 -0.7271694183901008E-01
 -0.1345814981883441E+00
 -0.1959253327087452E+00
 -0.2565111325609636E+00
 -0.3161045137566514E+00
 -0.3744749289004178E+00
 -0.4313965598650610E+00
 -0.4866491919954185E+00
 -0.5400190664977416E+00
 -0.5912997077477775E+00
 -0.6402927223412180E+00
 -0.6868085668142460E+00
 -0.7306672810788858E+00
 -0.7716991847471769E+00
 -0.8097455336590920E+00
 -0.8446591340810063E+00
 -0.8763049122036515E+00
 -0.9045604367401486E+00
 -0.9293163926051908E+00
 -0.9504770038449339E+00
 -0.9679604041829374E+00
 -0.9816989537497161E+00
 -0.9916395007713544E+00
 -0.9977435872053325E+00
 -0.9999875975283997E+00
 -0.9983628501011375E+00
 -0.9928756307559262E+00
 -0.9835471684784854E+00
 -0.9704135532771574E+00
 -0.9535255965577150E+00
 -0.9329486345439236E+00
 -0.9087622755043855E+00
 -0.8810600917636101E+00
 -0.8499492576888681E+00
 -0.8155501350533834E+00
 -0.7779958073800121E+00
 -0.7374315650669475E+00
 -0.6940143432873971E+00
 -0.6479121148378834E+00
 -0.5993032402841252E+00
 -0.5483757779186614E+00
 -0.4953267561998498E+00
 -0.4403614114870366E+00
 -0.3836923940209528E+00
 -0.3255389452212450E+00
 -0.2661260494840132E+00
 -0.2056835637608881E+00
 -0.1444453282871416E+00
 -0.8264826189924020E-01
 -0.2053144544189643E-01
  0.4166480318927508E-01
  0.1036998587910133E+00
  0.1653337197845687E+00
  0.2263279367351965E+00
  0.2864465348666888E+00
  0.3454569270019446E+00
  0.4031308133975769E+00
  0.4592450649912636E+00
  0.5135825866447460E+00
  0.5659331570427450E+00
  0.6160942419983880E+00
  0.6638717780186343E+00
  0.7090809230982303E+00
  0.7515467718375166E+00
  0.7911050321174413E+00
  0.8276026607138556E+00
  0.8608984553920096E+00
  0.8908636011905763E+00
  0.9173821687817044E+00
  0.9403515629790717E+00
  0.9596829196587273E+00
  0.9753014495571272E+00
  0.9871467276162608E+00
  0.9951729267564660E+00
  0.9993489951724973E+00
  0.9996587764669254E+00
  0.9961010721561016E+00
  0.9886896463068604E+00
  0.9774531722860160E+00
  0.9624351218286769E+00
  0.9436935968545479E+00
