           BREAK
 -0.5735199882685289E+00
 -0.6233394177144279E+00
 -0.6707472657748255E+00
 -0.7155601214713565E+00
 -0.7576046130969086E+00
 -0.7967180790328409E+00
 -0.8327491971094646E+00
 -0.8655585700805934E+00
 -0.8950192649513579E+00
 -0.9210173040759401E+00
 -0.9434521061276459E+00
 -0.9622368752370488E+00
 -0.9772989367939684E+00
 -0.9885800186150464E+00
 -0.9960364763898032E+00
 -0.9996394625334014E+00
 -0.9993750377931859E+00
 -0.9952442251774241E+00
 -0.9872630059977454E+00
 -0.9754622580406838E+00
 -0.9598876361075789E+00
 -0.9405993953850441E+00
 -0.9176721583293597E+00
 -0.8911946259666850E+00
 -0.8612692347260191E+00
 -0.8280117601325525E+00
 -0.7915508688946525E+00
 -0.7520276211173643E+00
 -0.7095949245682661E+00
 -0.6644169431070244E+00
 -0.6166684615673123E+00
 -0.5665342095482431E+00
 -0.5142081467314383E+00
 -0.4598927124886992E+00
 -0.4037980426834049E+00
 -0.3461411566956794E+00
 -0.2871451178165689E+00
 -0.2270381702595019E+00
 -0.1660528561277688E+00
 -0.1044251157543004E+00
 -0.4239337489435263E-01
  0.1980237769741999E-01
  0.8192151873683358E-01
  0.1437237213349184E+00
  0.2049698847759626E+00
  0.2654230595517331E+00
  0.3248493640730900E+00
  0.3830188895124213E+00
  0.4397065892762323E+00
  0.4946931496666958E+00
  0.5477658383637455E+00
  0.5987193274450948E+00
  0.6473564877600787E+00
  0.6934891515840429E+00
  0.7369388406027163E+00
  0.7775374564101339E+00
  0.8151279308487170E+00
  0.8495648336754583E+00
  0.8807149352032820E+00
  0.9084577217408194E+00
  0.9326858618364698E+00
  0.9533056215229355E+00
  0.9702372269557329E+00
  0.9834151730426968E+00
  0.9927884768704595E+00
  0.9983208749474358E+00
  0.9999909635002294E+00
  0.9977922812806739E+00
  0.9917333345631434E+00
  0.9818375642354350E+00
  0.9681432551105222E+00
  0.9507033878100563E+00
  0.9295854337926274E+00
  0.9048710943198039E+00
  0.8766559843698224E+00
  0.8450492627218077E+00
  0.8101732096416676E+00
  0.7721627538034966E+00
  0.7311649502767468E+00
  0.6873384115987355E+00
  0.6408526941335496E+00
  0.5918876420914113E+00
  0.5406326917463681E+00
  0.4872861385441518E+00
  0.4320543699356145E+00
  0.3751510669037849E+00
  0.3167963772736469E+00
  0.2572160640029795E+00
  0.1966406317493272E+00
  0.1353044350922605E+00
  0.7344477186103410E-01
  0.1130096507538909E-01
 -0.5088656294872684E-01
 -0.1128772207463840E+00
 -0.1744311785053130E+00
 -0.2353102959208618E+00
 -0.2952790435145637E+00
 -0.3541054138519373E+00
 -0.4115618191341829E+00
 -0.4674259716911552E+00
