           BREAK
 -0.9902159966704061E+00
 -0.9969758646488298E+00
 -0.9998786266856098E+00
 -0.9989130525590152E+00
 -0.9940828778880262E+00
 -0.9854067896801784E+00
 -0.9729183540352768E+00
 -0.9566658862847310E+00
 -0.9367122640689383E+00
 -0.9131346840759154E+00
 -0.8860243633823078E+00
 -0.8554861865522355E+00
 -0.8216382998592907E+00
 -0.7846116542015560E+00
 -0.7445494984780183E+00
 -0.7016068253864082E+00
 -0.6559497717865634E+00
 -0.6077549759491935E+00
 -0.5572088941767251E+00
 -0.5045070794400903E+00
 -0.4498534248222731E+00
 -0.3934593746955777E+00
 -0.3355431066844328E+00
 -0.2763286875785424E+00
 -0.2160452064620091E+00
 -0.1549258884121703E+00
 -0.9320719219708257E-01
 -0.3112789546248419E-01
  0.3107182905253015E-01
  0.9315134269717738E-01
  0.1548704718931798E+00
  0.2159904373196795E+00
  0.2762747777040454E+00
  0.3354902646445994E+00
  0.3934078049259946E+00
  0.4498033268363592E+00
  0.5044586470572210E+00
  0.5571623147723808E+00
  0.6077104297300424E+00
  0.6559074310932742E+00
  0.7015668540268981E+00
  0.7445120510937122E+00
  0.7845768756691076E+00
  0.8216063247300834E+00
  0.8554571385318298E+00
  0.8859983548518510E+00
  0.9131118156573601E+00
  0.9366926242357576E+00
  0.9566495510196300E+00
  0.9729053865362265E+00
  0.9853972401159087E+00
  0.9940767832039338E+00
  0.9989104363342441E+00
  0.9998794990418989E+00
  0.9969802222115394E+00
  0.9902238225819869E+00
  0.9796364393508634E+00
  0.9652590330471080E+00
  0.9471472270626519E+00
  0.9253710924563198E+00
  0.9000148768625157E+00
  0.8711766785534915E+00
  0.8389680669161885E+00
  0.8035136508119548E+00
  0.7649505964890684E+00
  0.7234280969131675E+00
  0.6791067945686525E+00
  0.6321581599641183E+00
  0.5827638282462704E+00
  0.5311148964888279E+00
  0.4774111843750669E+00
  0.4218604611342875E+00
  0.3646776417230244E+00
  0.3060839553608351E+00
  0.2463060896374256E+00
  0.1855753135024007E+00
  0.1241265825306304E+00
  0.6219762992477304E-01
  0.2804677169505635E-04
 -0.6214164488889368E-01
 -0.1240709225974893E+00
 -0.1855201940094658E+00
 -0.2462517238313078E+00
 -0.3060305535722764E+00
 -0.3646254105531717E+00
 -0.4218096026553896E+00
 -0.4773618953487004E+00
 -0.5310673676046594E+00
 -0.5827182433843190E+00
 -0.6321146954833576E+00
 -0.6790656186247150E+00
 -0.7233893688077802E+00
 -0.7649144660537489E+00
 -0.8034802578283406E+00
 -0.8389375405752469E+00
 -0.8711491369557085E+00
 -0.8999904265609835E+00
 -0.9253498280445008E+00
 -0.9471292308084195E+00
 -0.9652443745744687E+00
