 -0.8020957657842014E+00
 -0.8376716132553020E+00
 -0.8700066717656753E+00
 -0.8989758433447909E+00
 -0.9244670519509434E+00
 -0.9463816770836883E+00
 -0.9646349353354410E+00
 -0.9791562084072952E+00
 -0.9898893163209093E+00
 -0.9967927347700686E+00
 -0.9998397557714711E+00
 -0.9990185909934981E+00
 -0.9943324173634253E+00
 -0.9857993647767390E+00
 -0.9734524459562157E+00
 -0.9573394287321625E+00
 -0.9375226512379805E+00
 -0.9140787807360434E+00
 -0.8870985170069497E+00
 -0.8566862414496909E+00
 -0.8229596132502928E+00
 -0.7860491141812821E+00
 -0.7460975437930586E+00
 -0.7032594669501733E+00
 -0.6577006158498977E+00
 -0.6095972488365466E+00
 -0.5591354684921894E+00
 -0.5065105016419100E+00
 -0.4519259440591479E+00
 -0.3955929727932032E+00
 -0.3377295291662565E+00
 -0.2785594756007327E+00
 -0.2183117295390770E+00
 -0.1572193778066418E+00
 -0.9551877484403977E-01
 -0.3344862829773087E-01
  0.2875092449349081E-01
  0.9083924554320912E-01
  0.1525761271990068E+00
  0.2137227214592075E+00
  0.2740424640293955E+00
  0.3333019895437143E+00
  0.3912720344101286E+00
  0.4477283237867284E+00
  0.5024524392575193E+00
  0.5552326638508460E+00
  0.6058648011312208E+00
  0.6541529651956699E+00
  0.6999103385182341E+00
  0.7429598947106845E+00
  0.7831350834032290E+00
  0.8202804745955378E+00
  0.8542523599852189E+00
  0.8849193089473223E+00
  0.9121626770138955E+00
  0.9358770648863813E+00
  0.9559707262050291E+00
  0.9723659224977349E+00
  0.9849992239350911E+00
  0.9938217547280722E+00
  0.9987993822189686E+00
  0.9999128489340070E+00
  0.9971578470867768E+00
  0.9905450352442190E+00
  0.9800999970907005E+00
  0.9658631424497086E+00
  0.9478895509460963E+00
  0.9262487589137124E+00
  0.9010244903728339E+00
  0.8723143331181991E+00
  0.8402293611707831E+00
  0.8048937050539947E+00
  0.7664440715567891E+00
  0.7250292148416658E+00
  0.6808093609437076E+00
  0.6339555878871779E+00
  0.5846491638178815E+00
  0.5330808457119234E+00
  0.4794501413740211E+00
  0.4239645375805733E+00
  0.3668386973536258E+00
  0.3082936294713389E+00
  0.2485558334279641E+00
  0.1878564231513015E+00
  0.1264302328678057E+00
  0.6451490857459216E-01
  0.2349988633233126E-02
 -0.5982402295762147E-01
 -0.1217665870254975E+00
 -0.1832380598234253E+00
 -0.2440006201650408E+00
 -0.3038191895085521E+00
 -0.3624623414299570E+00
 -0.4197031969669104E+00
 -0.4753203023693575E+00
 -0.5290984858610769E+00
 -0.5808296900974738E+00
 -0.6303137770990314E+00
 -0.6773593025462782E+00
 -0.7217842564406591E+00
