           BREAK
 -0.1105693630332904E+00
 -0.1721440523320396E+00
 -0.2330527069788507E+00
 -0.2930596952878335E+00
 -0.3519328707208412E+00
 -0.4094444708300612E+00
 -0.4653719990468928E+00
 -0.5194990859483097E+00
 -0.5716163267025031E+00
 -0.6215220914806298E+00
 -0.6690233057203400E+00
 -0.7139361972388131E+00
 -0.7560870073175920E+00
 -0.7953126630180093E+00
 -0.8314614081336774E+00
 -0.8643933903447469E+00
 -0.8939812023066769E+00
 -0.9201103745834016E+00
 -0.9426798185202312E+00
 -0.9616022173448762E+00
 -0.9768043639847879E+00
 -0.9882274442947958E+00
 -0.9958272645999413E+00
 -0.9995744226736549E+00
 -0.9994544214901190E+00
 -0.9954677253109279E+00
 -0.9876297578892211E+00
 -0.9759708427983106E+00
 -0.9605360861157316E+00
 -0.9413852019166139E+00
 -0.9185922812515320E+00
 -0.8922455055026243E+00
 -0.8624468052269512E+00
 -0.8293114658069733E+00
 -0.7929676814337973E+00
 -0.7535560591487592E+00
 -0.7112290748620940E+00
 -0.6661504834532596E+00
 -0.6184946852351253E+00
 -0.5684460512330387E+00
 -0.5161982098891459E+00
 -0.4619532979515654E+00
 -0.4059211784465785E+00
 -0.3483186287593484E+00
 -0.2893685019643297E+00
 -0.2292988646500173E+00
 -0.1683421145736213E+00
 -0.1067340815592903E+00
 -0.4471311511833650E-01
  0.1748083767871850E-01
  0.7960716051074818E-01
  0.1414254987038218E+00
  0.2026966891167458E+00
  0.2631836854167936E+00
  0.3226524751659193E+00
  0.3808729851694176E+00
  0.4376199715844201E+00
  0.4926738913445630E+00
  0.5458217515294652E+00
  0.5968579333929566E+00
  0.6455849878620623E+00
  0.6918143994291096E+00
  0.7353673154816035E+00
  0.7760752382482404E+00
  0.8137806766840500E+00
  0.8483377557726534E+00
  0.8796127808883637E+00
  0.9074847550347200E+00
  0.9318458469583599E+00
  0.9526018083271914E+00
  0.9696723383588803E+00
  0.9829913944889784E+00
  0.9925074478767728E+00
  0.9981836827603631E+00
  0.9999981388896910E+00
  0.9979437964864807E+00
  0.9920286034023997E+00
  0.9822754443703621E+00
  0.9687220524679442E+00
  0.9514208631354377E+00
  0.9304388113133172E+00
  0.9058570724839577E+00
  0.8777707486194656E+00
  0.8462885002506213E+00
  0.8115321260803956E+00
  0.7736360917684306E+00
  0.7327470097095209E+00
  0.6890230718187474E+00
  0.6426334375176820E+00
  0.5937575792894514E+00
  0.5425845883345638E+00
  0.4893124430137928E+00
  0.4341472429083525E+00
  0.3773024114606636E+00
  0.3189978702805135E+00
  0.2594591883110670E+00
  0.1989167091464525E+00
  0.1376046598771424E+00
  0.7576024491083813E-01
  0.1362272827470526E-01
