           BREAK
  0.5048593324396822E+00
  0.4502139158826268E+00
  0.3938275906487329E+00
  0.3359182970603377E+00
  0.2767099138082998E+00
  0.2164313820363901E+00
  0.1553158117833603E+00
  0.9359957387705625E-01
  0.3152138049443114E-01
 -0.3067864230183932E-01
 -0.9275988666413559E-01
 -0.1544821962572690E+00
 -0.2156067972763512E+00
 -0.2758972236925596E+00
 -0.3351202332355940E+00
 -0.3930467106402282E+00
 -0.4494525547195723E+00
 -0.5041195458786889E+00
 -0.5568361907485465E+00
 -0.6073985407012082E+00
 -0.6556109811021226E+00
 -0.7012869882636664E+00
 -0.7442498511851448E+00
 -0.7843333552975837E+00
 -0.8213824255761715E+00
 -0.8552537265384821E+00
 -0.8858162168119088E+00
 -0.9129516561283187E+00
 -0.9365550627870942E+00
 -0.9565351198186641E+00
 -0.9728145282785678E+00
 -0.9853303063062530E+00
 -0.9940340327923269E+00
 -0.9988920347120808E+00
 -0.9998855174008727E+00
 -0.9970106372676162E+00
 -0.9902785166652032E+00
 -0.9797152008604484E+00
 -0.9653615572700912E+00
 -0.9472731173527319E+00
 -0.9255198617684157E+00
 -0.9001859496370538E+00
 -0.8713693929431388E+00
 -0.8391816773464088E+00
 -0.8037473308654939E+00
 -0.7652034421031976E+00
 -0.7236991298773274E+00
 -0.6793949663089579E+00
 -0.6324623556000881E+00
 -0.5830828709040842E+00
 -0.5314475518544206E+00
 -0.4777561654694529E+00
 -0.4222164332926298E+00
 -0.3650432277581973E+00
 -0.3064577408914906E+00
 -0.2466866285599596E+00
 -0.1859611335856488E+00
 -0.1245161911116432E+00
 -0.6258951968363778E-01
 -0.4207015630661371E-03
  0.6174974417012436E-01
  0.1236812921390706E+00
  0.1851343412159486E+00
  0.2458711414921914E+00
  0.3056567140866969E+00
  0.3642597602334725E+00
  0.4214535561316235E+00
  0.4770168300956994E+00
  0.5307346186128526E+00
  0.5823990979949143E+00
  0.6318103884078684E+00
  0.6787773271680990E+00
  0.7231182083136798E+00
  0.7646614855894358E+00
  0.8032464361260833E+00
  0.8387237822457865E+00
  0.8709562689884929E+00
  0.8998191951247089E+00
  0.9252008956003337E+00
  0.9470031735470585E+00
  0.9651416801869738E+00
  0.9795462411616076E+00
  0.9901611280228811E+00
  0.9969452738356525E+00
  0.9998724320577083E+00
  0.9989312780825387E+00
  0.9941254530520383E+00
  0.9854735497696356E+00
  0.9730090407683502E+00
  0.9567801488120632E+00
  0.9368496603310114E+00
  0.9132946825132904E+00
  0.8862063449921159E+00
  0.8556894472829826E+00
  0.8218620533346962E+00
  0.7848550347628883E+00
  0.7448115645331643E+00
  0.7018865630527109E+00
  0.6562460988133346E+00
  0.6080667459047344E+00
