           BREAK
 -0.9872272839731226E+00
 -0.9952223435960287E+00
 -0.9993670813092227E+00
 -0.9996454619285704E+00
 -0.9960564084538991E+00
 -0.9886138062359880E+00
 -0.9773464492569882E+00
 -0.9622979287321675E+00
 -0.9435264644639937E+00
 -0.9211046796010368E+00
 -0.8951193196731168E+00
 -0.8656709169896931E+00
 -0.8328734016998927E+00
 -0.7968536610188929E+00
 -0.7577510483259343E+00
 -0.7157168440331698E+00
 -0.6709136703111408E+00
 -0.6235148619351898E+00
 -0.5737037956868893E+00
 -0.5216731809048973E+00
 -0.4676243139299662E+00
 -0.4117662993284994E+00
 -0.3543152409076127E+00
 -0.2954934056514807E+00
 -0.2355283638135575E+00
 -0.1746521084914738E+00
 -0.1131001580908119E+00
 -0.5111064515014721E-01
  0.1107660494748220E-01
  0.7322100181239087E-01
  0.1350821208457266E+00
  0.1964206333955349E+00
  0.2569992326728212E+00
  0.3165835518454155E+00
  0.3749430707577171E+00
  0.4318520077683933E+00
  0.4870901932556884E+00
  0.5404439214109195E+00
  0.5917067770247324E+00
  0.6406804340674471E+00
  0.6871754229739419E+00
  0.7310118636645873E+00
  0.7720201614663335E+00
  0.8100416632415530E+00
  0.8449292711862081E+00
  0.8765480119226792E+00
  0.9047755586855397E+00
  0.9295027045800506E+00
  0.9506337850824198E+00
  0.9680870481472577E+00
  0.9817949704903635E+00
  0.9917045188231904E+00
  0.9977773550283391E+00
  0.9999899844822839E+00
  0.9983338469515092E+00
  0.9928153497103881E+00
  0.9834558427526843E+00
  0.9702915361925712E+00
  0.9533733601747386E+00
  0.9327667678355523E+00
  0.9085514820775885E+00
  0.8808211871372100E+00
  0.8496831661384541E+00
  0.8152578860354682E+00
  0.7776785315492699E+00
  0.7370904899019296E+00
  0.6936507883416559E+00
  0.6475274866348764E+00
  0.5988990268756500E+00
  0.5479535431278720E+00
  0.4948881335711248E+00
  0.4399080979661181E+00
  0.3832261433897882E+00
  0.3250615613129491E+00
  0.2656393792041868E+00
  0.2051894899422990E+00
  0.1439457624054109E+00
  0.8214513667771646E-01
  0.2002670737432059E-01
 -0.4216920136937397E-01
 -0.1042019656650618E+00
 -0.1658315927986157E+00
 -0.2268196497152702E+00
 -0.2869301854707922E+00
 -0.3459306440798506E+00
 -0.4035927642299373E+00
 -0.4596934623800514E+00
 -0.5140156958275728E+00
 -0.5663493024043199E+00
 -0.6164918135531497E+00
 -0.6642492376394729E+00
 -0.7094368104671988E+00
 -0.7518797100955228E+00
 -0.7914137331910465E+00
 -0.8278859302985770E+00
 -0.8611551975728576E+00
 -0.8910928226819300E+00
 -0.9175829827701418E+00
 -0.9405231925542792E+00
 -0.9598247008192153E+00
