           BREAK
  0.9551876810096402E+00
  0.9348030754297698E+00
  0.9108175789174340E+00
  0.8833208546257452E+00
  0.8524167442225927E+00
  0.8182227593793567E+00
  0.7808695384762103E+00
  0.7405002677400041E+00
  0.6972700665990534E+00
  0.6513453375484408E+00
  0.6029030812753771E+00
  0.5521301782017983E+00
  0.4992226379652176E+00
  0.4443848186825773E+00
  0.3878286181289908E+00
  0.3297726392166787E+00
  0.2704413323816001E+00
  0.2100641176785818E+00
  0.1488744895519902E+00
  0.8710910738992583E-01
  0.2500687508699113E-01
 -0.3719198706479709E-01
 -0.9924687476425484E-01
 -0.1609177329230424E+00
 -0.2219659862427462E+00
 -0.2821554636537516E+00
 -0.3412533131258462E+00
 -0.3990309033809012E+00
 -0.4552647090748360E+00
 -0.5097371760687704E+00
 -0.5622375634771417E+00
 -0.6125627592629915E+00
 -0.6605180662470160E+00
 -0.7059179555066200E+00
 -0.7485867842635856E+00
 -0.7883594754932891E+00
 -0.8250821566341103E+00
 -0.8586127549320249E+00
 -0.8888215471216683E+00
 -0.9155916613206841E+00
 -0.9388195291981777E+00
 -0.9584152866697893E+00
 -0.9743031215705533E+00
 -0.9864215669614415E+00
 -0.9947237389355527E+00
 -0.9991775180044132E+00
 -0.9997656733629816E+00
 -0.9964859295528272E+00
 -0.9893509752657387E+00
 -0.9783884142537927E+00
 -0.9636406585358739E+00
 -0.9451647643138400E+00
 -0.9230322112331723E+00
 -0.8973286258421121E+00
 -0.8681534503191770E+00
 -0.8356195577506873E+00
 -0.7998528154467256E+00
 -0.7609915979849613E+00
 -0.7191862518662931E+00
 -0.6745985138534456E+00
 -0.6274008852428554E+00
 -0.5777759644906656E+00
 -0.5259157407747717E+00
 -0.4720208512259909E+00
 -0.4162998047019804E+00
 -0.3589681751069700E+00
 -0.3002477673782105E+00
 -0.2403657593657549E+00
 -0.1795538229254946E+00
 -0.1180472276257538E+00
 -0.5608393053503167E-01
  0.6096344387661622E-02
  0.6825303373824014E-01
  0.1301456653606111E+00
  0.1915347886867346E+00
  0.2521829011243556E+00
  0.3118553669083906E+00
  0.3703213248611221E+00
  0.4273545815492497E+00
  0.4827344863823361E+00
  0.5362467852670795E+00
  0.5876844495147797E+00
  0.6368484767951124E+00
  0.6835486610374866E+00
  0.7276043283013838E+00
  0.7688450357687289E+00
  0.8071112311540496E+00
  0.8422548699812653E+00
  0.8741399883390101E+00
  0.9026432288985895E+00
  0.9276543181595239E+00
  0.9490764930762956E+00
  0.9668268754157778E+00
  0.9808367923970163E+00
  0.9910520423728760E+00
  0.9974331045256888E+00
  0.9999552917656164E+00
  0.9986088462402053E+00
  0.9933989770856235E+00
  0.9843458402735232E+00
