           BREAK
 -0.9713379761873746E+00
 -0.9842369029869704E+00
 -0.9933280084096611E+00
 -0.9985761207370514E+00
 -0.9999609360432072E+00
 -0.9974770967472117E+00
 -0.9911342123409422E+00
 -0.9809568222119945E+00
 -0.9669843007056422E+00
 -0.9492707047931820E+00
 -0.9278845649360242E+00
 -0.9029086199546491E+00
 -0.8744394969281863E+00
 -0.8425873373630123E+00
 -0.8074753710766559E+00
 -0.7692394394455776E+00
 -0.7280274698612694E+00
 -0.6839989034279187E+00
 -0.6373240781157484E+00
 -0.5881835697565043E+00
 -0.5367674934306391E+00
 -0.4832747679490004E+00
 -0.4279123462745976E+00
 -0.3708944148617865E+00
 -0.3124415650104907E+00
 -0.2527799394413150E+00
 -0.1921403573932906E+00
 -0.1307574216290796E+00
 -0.6886861080246301E-01
 -0.6713360699563542E-02
  0.5546786209169735E-01
  0.1174344905001115E+00
  0.1789467876784502E+00
  0.2397667744987512E+00
  0.2996591502473350E+00
  0.3583922029575527E+00
  0.4157387058583732E+00
  0.4714767964706175E+00
  0.5253908349497881E+00
  0.5772722383547381E+00
  0.6269202876145472E+00
  0.6741429040716167E+00
  0.7187573925966793E+00
  0.7605911484007631E+00
  0.7994823248095884E+00
  0.8352804594169101E+00
  0.8678470561943344E+00
  0.8970561213055513E+00
  0.9227946505520092E+00
  0.9449630665642039E+00
  0.9634756040471806E+00
  0.9782606415897959E+00
  0.9892609787540448E+00
  0.9964340573724429E+00
  0.9997521261973097E+00
  0.9992023482649535E+00
  0.9947868505593903E+00
  0.9865227157834574E+00
  0.9744419162691521E+00
  0.9585911902828930E+00
  0.9390318612042456E+00
  0.9158396002776791E+00
  0.8891041338552236E+00
  0.8589288962626431E+00
  0.8254306296321255E+00
  0.7887389322496489E+00
  0.7489957571643946E+00
  0.7063548629999710E+00
  0.6609812190921731E+00
  0.6130503672546714E+00
  0.5627477426418305E+00
  0.5102679563361311E+00
  0.4558140424356864E+00
  0.3995966725547704E+00
  0.3418333407762628E+00
  0.2827475222092937E+00
  0.2225678084074636E+00
  0.1615270229925291E+00
  0.9986132090503715E-01
  0.3780927476674261E-01
 -0.2438904811052151E-01
 -0.8649301449863840E-01
 -0.1482623562164155E+00
 -0.2094580996805023E+00
 -0.2698434904477634E+00
 -0.3291849091722188E+00
 -0.3872527754329156E+00
 -0.4438224359359705E+00
 -0.4986750336545255E+00
 -0.5515983545440670E+00
 -0.6023876485573382E+00
 -0.6508464217824926E+00
 -0.6967871966398753E+00
 -0.7400322371963478E+00
 -0.7804142367910906E+00
 -0.8177769653125713E+00
 -0.8519758736224927E+00
 -0.8828786527883279E+00
 -0.9103657459608787E+00
 -0.9343308109164983E+00
