  0.7766378990842014E+00
  0.7359508980481339E+00
  0.6924204659070717E+00
  0.6462141873436941E+00
  0.5975101689742641E+00
  0.5464963173372276E+00
  0.4933695850049969E+00
  0.4383351866965243E+00
  0.3816057875515850E+00
  0.3234006659776131E+00
  0.2639448536989187E+00
  0.2034682558283501E+00
  0.1422047539449406E+00
  0.8039129529931888E-01
  0.1826697138324378E-01
 -0.4392791080821267E-01
 -0.1059527614224789E+00
 -0.1675676408533437E+00
 -0.2285341898217239E+00
 -0.2886165529395401E+00
 -0.3475822922680483E+00
 -0.4052032874041796E+00
 -0.4612566186670462E+00
 -0.5155254300111699E+00
 -0.5677997683624196E+00
 -0.6178773961566789E+00
 -0.6655645739590605E+00
 -0.7106768101525911E+00
 -0.7530395748089458E+00
 -0.7924889749894328E+00
 -0.8288723888713089E+00
 -0.8620490562519676E+00
 -0.8918906231508799E+00
 -0.9182816384056456E+00
 -0.9411200003433831E+00
 -0.9603173518011918E+00
 -0.9757994219687466E+00
 -0.9875063137314510E+00
 -0.9953927354031560E+00
 -0.9994281759523861E+00
 -0.9995970230444799E+00
 -0.9958986234431932E+00
 -0.9883472855382227E+00
 -0.9769722239889669E+00
 -0.9618174466987519E+00
 -0.9429415845568292E+00
 -0.9204176646068617E+00
 -0.8943328275194784E+00
 -0.8647879904619444E+00
 -0.8318974566692466E+00
 -0.7957884732270786E+00
 -0.7566007387775868E+00
 -0.7144858630524648E+00
 -0.6696067803243532E+00
 -0.6221371190457927E+00
 -0.5722605301144715E+00
 -0.5201699763635794E+00
 -0.4660669860260948E+00
 -0.4101608730611975E+00
 -0.3526679273592263E+00
 -0.2938105779581098E+00
 -0.2338165325086297E+00
 -0.1729178963177554E+00
 -0.1113502743783018E+00
 -0.4935185985898444E-01
  0.1283748741868056E-01
  0.7497716895142509E-01
  0.1368267783831018E+00
  0.1981470315901688E+00
  0.2587006924254804E+00
  0.3182534905388558E+00
  0.3765750277235467E+00
  0.4334396692821481E+00
  0.4886274169634024E+00
  0.5419247600926986E+00
  0.5931255016033957E+00
  0.6420315557732122E+00
  0.6884537145794062E+00
  0.7322123797078604E+00
  0.7731382573840649E+00
  0.8110730133378463E+00
  0.8458698853678984E+00
  0.8773942511362276E+00
  0.9055241489958250E+00
  0.9301507498365903E+00
  0.9511787781240088E+00
  0.9685268805016931E+00
  0.9821279405317108E+00
  0.9919293383550448E+00
  0.9978931542676071E+00
  0.9999963154242045E+00
  0.9982306851028983E+00
  0.9926030941843970E+00
  0.9831353147247079E+00
  0.9698639757232833E+00
  0.9528404214125323E+00
  0.9321305126169666E+00
  0.9078143719504614E+00
  0.8799860738374256E+00
  0.8487532805571352E+00
