           BREAK
  0.8012238907258441E+00
  0.7624485063554944E+00
  0.7207278159132270E+00
  0.6762222727584078E+00
  0.6291032988501398E+00
  0.5795525840768192E+00
  0.5277613526680374E+00
  0.4739295983652706E+00
  0.4182652903341004E+00
  0.3609835520718275E+00
  0.3023058158029281E+00
  0.2424589550632726E+00
  0.1816743983545526E+00
  0.1201872269045909E+00
  0.5823525969887929E-01
 -0.3941870944868679E-02
 -0.6610364990296783E-01
 -0.1280096124531025E+00
 -0.1894202766995025E+00
 -0.2500980717282018E+00
 -0.3098082579984187E+00
 -0.3683198364874075E+00
 -0.4254064431342596E+00
 -0.4808472251724789E+00
 -0.5344276960009454E+00
 -0.5859405653176482E+00
 -0.6351865413295523E+00
 -0.6819751019545940E+00
 -0.7261252320474755E+00
 -0.7674661238089071E+00
 -0.8058378376776885E+00
 -0.8410919211557376E+00
 -0.8730919831772669E+00
 -0.9017142218039685E+00
 -0.9268479032076532E+00
 -0.9483957900894602E+00
 -0.9662745178797900E+00
 -0.9804149172646863E+00
 -0.9907622817917322E+00
 -0.9972765795207229E+00
 -0.9999326079007127E+00
 -0.9987200912745199E+00
 -0.9936437206336655E+00
 -0.9847231354700567E+00
 -0.9719928477947221E+00
 -0.9555021086175911E+00
 -0.9353147174049236E+00
 -0.9115087752515719E+00
 -0.8841763827230158E+00
 -0.8534232835361645E+00
 -0.8193684554574553E+00
 -0.7821436500009908E+00
 -0.7418928827075225E+00
 -0.6987718759763049E+00
 -0.6529474566053831E+00
 -0.6045969103711203E+00
 -0.5539072961439716E+00
 -0.5010747221940537E+00
 -0.4463035874863437E+00
 -0.3898057909007915E+00
 -0.3317999114367199E+00
 -0.2725103625731369E+00
 -0.2121665240565814E+00
 -0.1510018544754459E+00
 -0.8925298805405212E-01
 -0.2715881916080418E-01
  0.3504042192770872E-01
  0.9710409843098895E-01
  0.1587920980415807E+00
  0.2198657618729443E+00
  0.2800888077843268E+00
  0.3392282445104566E+00
  0.3970552730594940E+00
  0.4533461718918756E+00
  0.5078831624554931E+00
  0.5604552517286040E+00
  0.6108590485108421E+00
  0.6588995503042610E+00
  0.7043908977401155E+00
  0.7471570936326527E+00
  0.7870326838780330E+00
  0.8238633975641168E+00
  0.8575067438146514E+00
  0.8878325630587917E+00
  0.9147235305931952E+00
  0.9380756104885020E+00
  0.9577984580841418E+00
  0.9738157695142680E+00
  0.9860655769125950E+00
  0.9945004881540346E+00
  0.9990878702056193E+00
  0.9998099753773699E+00
  0.9966640099846574E+00
  0.9896621451564295E+00
  0.9788314697474735E+00
  0.9642138855369016E+00
  0.9458659451183091E+00
  0.9238586331087721E+00
  0.8982770915231569E+00
  0.8692202903762055E+00
