 -0.3436456720678608E+00
 -0.4013644229385607E+00
 -0.4575303614832800E+00
 -0.5119261960794482E+00
 -0.5643414822819773E+00
 -0.6145734372683456E+00
 -0.6624277245714396E+00
 -0.7077192060811609E+00
 -0.7502726584186682E+00
 -0.7899234509219415E+00
 -0.8265181826274958E+00
 -0.8599152757898714E+00
 -0.8899855236471753E+00
 -0.9166125903168739E+00
 -0.9396934608903484E+00
 -0.9591388399867330E+00
 -0.9748734972254635E+00
 -0.9868365582819391E+00
 -0.9949817404009532E+00
 -0.9992775314572244E+00
 -0.9997073118706078E+00
 -0.9962694189045536E+00
 -0.9889771530992048E+00
 -0.9778587268143396E+00
 -0.9629571550813031E+00
 -0.9443300891862355E+00
 -0.9220495936284527E+00
 -0.8962018673168992E+00
 -0.8668869100833125E+00
 -0.8342181358022978E+00
 -0.7983219336150784E+00
 -0.7593371789544628E+00
 -0.7174146962627730E+00
 -0.6727166754813796E+00
 -0.6254160445693246E+00
 -0.5756958004786464E+00
 -0.5237483011747195E+00
 -0.4697745214406560E+00
 -0.4139832753449131E+00
 -0.3565904083802285E+00
 -0.2978179623993378E+00
 -0.2378933165781827E+00
 -0.1770483077300543E+00
 -0.1155183333739963E+00
 -0.5354144102753677E-01
  0.8642592752913347E-02
  0.7079319002097456E-01
  0.1326699021896395E+00
  0.1940333402801431E+00
  0.2546461010714147E+00
  0.3142736855670242E+00
  0.3726854062262404E+00
  0.4296552794493140E+00
  0.4849628998641208E+00
  0.5383942930317318E+00
  0.5897427432719483E+00
  0.6388095934061091E+00
  0.6854050133231254E+00
  0.7293487343952986E+00
  0.7704707469026248E+00
  0.8086119577673703E+00
  0.8436248060542866E+00
  0.8753738338551985E+00
  0.9037362103493395E+00
  0.9286022070119325E+00
  0.9498756221325367E+00
  0.9674741530007773E+00
  0.9813297143195422E+00
  0.9913887016137690E+00
  0.9976121986157478E+00
  0.9999761278245984E+00
  0.9984713436574467E+00
  0.9931036678319043E+00
  0.9838938668429774E+00
  0.9708775716215304E+00
  0.9541051396851357E+00
  0.9336414603146229E+00
  0.9095657035100552E+00
  0.8819710136973797E+00
  0.8509641493707389E+00
  0.8166650700645975E+00
  0.7792064722536032E+00
  0.7387332759757098E+00
  0.6954020641647044E+00
  0.6493804768612490E+00
  0.6008465626461363E+00
  0.5499880898049171E+00
  0.4970018198888820E+00
  0.4420927464828429E+00
  0.3854733021247762E+00
  0.3273625364456026E+00
  0.2679852687087226E+00
  0.2075712180279526E+00
  0.1463541146289102E+00
  0.8457079559217338E-01
  0.2246028857662068E-01
 -0.3973711293213755E-01
 -0.1017807792705772E+00
 -0.1634306755466862E+00
 -0.2244482902883234E+00
