           BREAK
  0.6914967120185736E-01
  0.6994712924701339E-02
 -0.5518719955553593E-01
 -0.1171555250364444E+00
 -0.1786705414301050E+00
 -0.2394942749221905E+00
 -0.2993914219811064E+00
 -0.3581302607312841E+00
 -0.4154835482299884E+00
 -0.4712294002284991E+00
 -0.5251521500556897E+00
 -0.5770431833341936E+00
 -0.6267017453258488E+00
 -0.6739357178034415E+00
 -0.7185623624591492E+00
 -0.7604090279859721E+00
 -0.7993138181061611E+00
 -0.8351262179694855E+00
 -0.8677076765034968E+00
 -0.8969321424669938E+00
 -0.9226865521359430E+00
 -0.9448712667374296E+00
 -0.9634004579410018E+00
 -0.9782024399172663E+00
 -0.9892199466799549E+00
 -0.9964103536391233E+00
 -0.9997458425087660E+00
 -0.9992135089311697E+00
 -0.9948154124018264E+00
 -0.9865685683018944E+00
 -0.9745048820691171E+00
 -0.9586710257619440E+00
 -0.9391282574944197E+00
 -0.9159521844404511E+00
 -0.8892324703243343E+00
 -0.8590724885292237E+00
 -0.8255889221655928E+00
 -0.7889113126469447E+00
 -0.7491815585192511E+00
 -0.7065533664830432E+00
 -0.6611916567320486E+00
 -0.6132719249090008E+00
 -0.5629795631470915E+00
 -0.5105091428238211E+00
 -0.4560636618021405E+00
 -0.3998537590711516E+00
 -0.3420968998247829E+00
 -0.2830165341311960E+00
 -0.2228412324478826E+00
 -0.1618038013269698E+00
 -0.1001403827318935E+00
 -0.3808954045001865E-01
  0.2410866286430988E-01
  0.8621359444553862E-01
  0.1479849823783310E+00
  0.2091838451629290E+00
  0.2695734162881506E+00
  0.3289200602350233E+00
  0.3869941763672227E+00
  0.4435710872113280E+00
  0.4984319076903203E+00
  0.5513643919474234E+00
  0.6021637544840910E+00
  0.6506334624353196E+00
  0.6965859959171186E+00
  0.7398435735045168E+00
  0.7802388400333568E+00
  0.8176155140649141E+00
  0.8518289925084221E+00
  0.8827469100623393E+00
  0.9102496513099868E+00
  0.9342308134883570E+00
  0.9545976181397353E+00
  0.9712712700535270E+00
  0.9841872621096206E+00
  0.9932956248439044E+00
  0.9985611197704152E+00
  0.9999633757121946E+00
  0.9974969676134172E+00
  0.9911714375278741E+00
  0.9810112577026243E+00
  0.9670557358996215E+00
  0.9493588633216219E+00
  0.9279891057307097E+00
  0.9030291385675603E+00
  0.8745755270962258E+00
  0.8427383528118855E+00
  0.8076407875569270E+00
  0.7694186169930175E+00
  0.7282197152727532E+00
  0.6842034729432946E+00
  0.6375401802953046E+00
  0.5884103685428886E+00
  0.5370041113834071E+00
  0.4835202896392628E+00
  0.4281658218266297E+00
  0.3711548636279198E+00
  0.3127079793650465E+00
  0.2530512886789092E+00
  0.1924155917164374E+00
