           BREAK
 -0.1079534838508751E-01
 -0.7294072090282194E-01
 -0.1348038282472206E+00
 -0.1961453536714724E+00
 -0.2567279932539204E+00
 -0.3163173752207442E+00
 -0.3746829676398588E+00
 -0.4315989710356066E+00
 -0.4868451925198976E+00
 -0.5402078980969431E+00
 -0.5914806398750645E+00
 -0.6404650550096032E+00
 -0.6869716333050431E+00
 -0.7308204505215063E+00
 -0.7718418645601327E+00
 -0.8098771718427809E+00
 -0.8447792213534364E+00
 -0.8764129839708562E+00
 -0.9046560748936813E+00
 -0.9293992271397518E+00
 -0.9505467142898819E+00
 -0.9680167208421497E+00
 -0.9817416587450044E+00
 -0.9916684288854014E+00
 -0.9977586265208915E+00
 -0.9999886898612831E+00
 -0.9983499912253232E+00
 -0.9928488704199064E+00
 -0.9835066102128021E+00
 -0.9703593539938612E+00
 -0.9534579659433037E+00
 -0.9328678342481063E+00
 -0.9086686181278091E+00
 -0.8809539396484706E+00
 -0.8498310215170768E+00
 -0.8154202722577197E+00
 -0.7778548203744041E+00
 -0.7372799993027314E+00
 -0.6938527851430700E+00
 -0.6477411893505201E+00
 -0.5991236087312313E+00
 -0.5481881352598186E+00
 -0.4951318283880525E+00
 -0.4401599526601199E+00
 -0.3834851835839818E+00
 -0.3253267848311459E+00
 -0.2659097599481196E+00
 -0.2054639818613966E+00
 -0.1442233035437628E+00
 -0.8242465328257517E-01
 -0.2030711805024328E-01
  0.4188898147681847E-01
  0.1039230206722021E+00
  0.1655550018894384E+00
  0.2265464829662704E+00
  0.2866614997110550E+00
  0.3456674788023821E+00
  0.4033361375700723E+00
  0.4594443671764812E+00
  0.5137750957812497E+00
  0.5661181283500826E+00
  0.6162709598585060E+00
  0.6640395587444625E+00
  0.7092391175787349E+00
  0.7516947680489841E+00
  0.7912422574912810E+00
  0.8277285843517532E+00
  0.8610125901198746E+00
  0.8909655054433177E+00
  0.9174714483115655E+00
  0.9404278723808958E+00
  0.9597459637062634E+00
  0.9753509843452020E+00
  0.9871825615044028E+00
  0.9951949211103237E+00
  0.9993570649001876E+00
  0.9996528903482398E+00
  0.9960812529632901E+00
  0.9886559707165294E+00
  0.9774057705824827E+00
  0.9623741773999233E+00
  0.9436193454827296E+00
  0.9212138336321410E+00
  0.8952443244208522E+00
  0.8658112888349777E+00
  0.8330285975713269E+00
  0.7970230804937959E+00
  0.7579340359532686E+00
  0.7159126918693531E+00
  0.6711216206589403E+00
  0.6237341102751077E+00
  0.5739334937896928E+00
  0.5219124401132502E+00
  0.4678722085964712E+00
  0.4120218703968514E+00
  0.3545774996229954E+00
  0.2957613373858723E+00
  0.2358009319911286E+00
  0.1749282585988950E+00
  0.1133788217569655E+00
