  0.4342573327413575E+00
  0.3774129543900697E+00
  0.3191090623897311E+00
  0.2595710734067591E+00
  0.1990292126962812E+00
  0.1377176160623111E+00
  0.7587341817784926E-01
  0.1373583050873637E-01
 -0.4845478782437211E-01
 -0.1104578628421761E+00
 -0.1720335387081833E+00
 -0.2329436074527802E+00
 -0.2929524319258867E+00
 -0.3518278584905992E+00
 -0.4093421159936473E+00
 -0.4652726975882513E+00
 -0.5194032220404875E+00
 -0.5715242712208081E+00
 -0.6214342005673744E+00
 -0.6689399194066954E+00
 -0.7138576381290686E+00
 -0.7560135793409030E+00
 -0.7952446502524357E+00
 -0.8313990737070598E+00
 -0.8643369754166557E+00
 -0.8939309251353740E+00
 -0.9200664296814114E+00
 -0.9426423759017925E+00
 -0.9615714218681770E+00
 -0.9767803347915293E+00
 -0.9882102743492490E+00
 -0.9958170203292858E+00
 -0.9995711437109821E+00
 -0.9994581205210976E+00
 -0.9954783880247249E+00
 -0.9876473430338681E+00
 -0.9759952823402999E+00
 -0.9605672855032227E+00
 -0.9414230404452374E+00
 -0.9186366125313715E+00
 -0.8922961580245706E+00
 -0.8625035830262366E+00
 -0.8293741492213228E+00
 -0.7930360279532583E+00
 -0.7536298043539256E+00
 -0.7113079334470914E+00
 -0.6662341503295437E+00
 -0.6185828367118056E+00
 -0.5685383462691762E+00
 -0.5162942914131760E+00
 -0.4620527942427377E+00
 -0.4060237045730708E+00
 -0.3484237880674942E+00
 -0.2894758876131955E+00
 -0.2294080611853892E+00
 -0.1684526995353172E+00
 -0.1068456271155758E+00
 -0.4482518972112504E-01
  0.1736866762429333E-01
  0.7949532896883627E-01
  0.1413144383289333E+00
  0.2025868295798952E+00
  0.2630754517431875E+00
  0.3225462860906149E+00
  0.3807692515173177E+00
  0.4375190946808725E+00
  0.4925762614627107E+00
  0.5457277463803550E+00
  0.5967679166642481E+00
  0.6454993078109916E+00
  0.6917333875351496E+00
  0.7352912851640334E+00
  0.7760044836535893E+00
  0.8137154715480991E+00
  0.8482783523614061E+00
  0.8795594090220789E+00
  0.9074376211987792E+00
  0.9318051335044180E+00
  0.9525676727676926E+00
  0.9696449127576729E+00
  0.9829707849503854E+00
  0.9924937341350952E+00
  0.9981769178714034E+00
  0.9999983490254907E+00
  0.9979509808340647E+00
  0.9920427341669228E+00
  0.9822964668826415E+00
  0.9687498853959647E+00
  0.9514553987990075E+00
  0.9304799161006624E+00
  0.9059045873686420E+00
  0.8778244897756311E+00
  0.8463482597641738E+00
  0.8115976727533869E+00
  0.7737071720135167E+00
  0.7328233485310426E+00
  0.6891043738766334E+00
  0.6427193882700649E+00
  0.5938478462095675E+00
  0.5426788221972363E+00
