           BREAK
 -0.5897880288794778E+00
 -0.6388527400790385E+00
 -0.6854458521450626E+00
 -0.7293871060642134E+00
 -0.7705065021241906E+00
 -0.8086449576777281E+00
 -0.8436549226511049E+00
 -0.8754009504210714E+00
 -0.9037602218554945E+00
 -0.9286230204932223E+00
 -0.9498931570269554E+00
 -0.9674883414484637E+00
 -0.9813405014175386E+00
 -0.9913960456237927E+00
 -0.9976160711229987E+00
 -0.9999765138462170E+00
 -0.9984682416997077E+00
 -0.9930970898956251E+00
 -0.9838838383769235E+00
 -0.9708641314239010E+00
 -0.9540883397534474E+00
 -0.9336213656445430E+00
 -0.9095423918439531E+00
 -0.8819445752235596E+00
 -0.8509346863745189E+00
 -0.8166326965325864E+00
 -0.7791713134327111E+00
 -0.7386954678885872E+00
 -0.6953617530834948E+00
 -0.6493378187416956E+00
 -0.6008017225242155E+00
 -0.5499412411583497E+00
 -0.4969531439659792E+00
 -0.4420424316012934E+00
 -0.3854215429430823E+00
 -0.3273095332099846E+00
 -0.2679312264784013E+00
 -0.2075163458818206E+00
 -0.1462986248566409E+00
 -0.8451490287291467E-01
 -0.2240420914844616E-01
  0.3979316210881562E-01
  0.1018365813523843E+00
  0.1634860146462078E+00
  0.2245029523093346E+00
  0.2846513316635353E+00
  0.3436984503139439E+00
  0.4014158664294199E+00
  0.4575802825396126E+00
  0.5119744094294939E+00
  0.5643878067891208E+00
  0.6146176973663126E+00
  0.6624697514724452E+00
  0.7077588388062667E+00
  0.7503097446870662E+00
  0.7899578479262362E+00
  0.8265497577146709E+00
  0.8599439070620045E+00
  0.8900111004918022E+00
  0.9166350138737520E+00
  0.9397126444591318E+00
  0.9591547093784337E+00
  0.9748859910594391E+00
  0.9868456282293967E+00
  0.9949873513754603E+00
  0.9992796617524470E+00
  0.9997059532453634E+00
  0.9962645766152378E+00
  0.9889688458797058E+00
  0.9778469868036623E+00
  0.9629420276992601E+00
  0.9443116329577307E+00
  0.9220278799570543E+00
  0.8961769802085882E+00
  0.8668589458214795E+00
  0.8341872025752379E+00
  0.7982881510974359E+00
  0.7593006778442339E+00
  0.7173756177756598E+00
  0.6726751708044558E+00
  0.6253722742761242E+00
  0.5756499339079302E+00
  0.5237005157753396E+00
  0.4697250020850416E+00
  0.4139322136138304E+00
  0.3565380018215958E+00
  0.2977644137639479E+00
  0.2378388330353035E+00
  0.1769931000659283E+00
  0.1154626151763508E+00
  0.5348542785925402E-01
 -0.8698684187764471E-02
 -0.7084914271553050E-01
 -0.1327254996737946E+00
 -0.1940883674580296E+00
 -0.2547003450535731E+00
 -0.3143269364940260E+00
 -0.3727374580805933E+00
 -0.4297059308525069E+00
 -0.4850119548557140E+00
