 -0.9492354204262917E+00
 -0.9669557053018041E+00
 -0.9809350263904076E+00
 -0.9911193004201660E+00
 -0.9974691264162392E+00
 -0.9999599381368176E+00
 -0.9985820991158556E+00
 -0.9933409399450915E+00
 -0.9842567376512390E+00
 -0.9713646372482145E+00
 -0.9547145157679575E+00
 -0.9343707892958957E+00
 -0.9104121637576285E+00
 -0.8829313304209921E+00
 -0.8520346072915442E+00
 -0.8178415277888549E+00
 -0.7804843782949278E+00
 -0.7401076863638860E+00
 -0.6968676615729431E+00
 -0.6509315911778957E+00
 -0.6024771929112300E+00
 -0.5516919274267390E+00
 -0.4987722730506729E+00
 -0.4439229656452597E+00
 -0.3873562065254312E+00
 -0.3292908414931574E+00
 -0.2699515141655535E+00
 -0.2095677968723664E+00
 -0.1483733024852278E+00
 -0.8660478061483914E-01
 -0.2450120167271922E-01
  0.3769716765889294E-01
  0.9974969397215622E-01
  0.1614163080975348E+00
  0.2224584338847776E+00
  0.2826399112076953E+00
  0.3417279096218120E+00
  0.3994938291401225E+00
  0.4557141846420333E+00
  0.5101714704938766E+00
  0.5626550020359556E+00
  0.6129617306805630E+00
  0.6608970294675177E+00
  0.7062754460380704E+00
  0.7489214201140464E+00
  0.7886699627064608E+00
  0.8253672944258598E+00
  0.8588714404249096E+00
  0.8890527796714970E+00
  0.9157945464273197E+00
  0.9389932819918481E+00
  0.9585592349639352E+00
  0.9744167084725552E+00
  0.9865043530332894E+00
  0.9947754038975642E+00
  0.9991978619763805E+00
  0.9997546176385689E+00
  0.9964435169046314E+00
  0.9892773697800705E+00
  0.9782839006959636E+00
  0.9635056412485268E+00
  0.9449997656526321E+00
  0.9228378695458752E+00
  0.8971056929989645E+00
  0.8679027888040427E+00
  0.8353421373242734E+00
  0.7995497093947661E+00
  0.7606639789658847E+00
  0.7188353873744371E+00
  0.6742257613153678E+00
  0.6270076867657115E+00
  0.5773638412829795E+00
  0.5254862872611719E+00
  0.4715757288786940E+00
  0.4158407356128755E+00
  0.3584969353251808E+00
  0.2997661800389050E+00
  0.2398756876367930E+00
  0.1790571627991895E+00
  0.1175459005836486E+00
  0.5557987611406292E-01
 -0.6601176098861806E-02
 -0.6875668964385198E-01
 -0.1306461969137779E+00
 -0.1920302594281157E+00
 -0.2526713941739049E+00
 -0.3123349923813990E+00
 -0.3707902271798108E+00
 -0.4278109466216394E+00
 -0.4831765486206188E+00
 -0.5366728344183342E+00
 -0.5880928372776056E+00
 -0.6372376231965909E+00
 -0.6839170605457892E+00
 -0.7279505556503787E+00
 -0.7691677514720667E+00
 -0.8074091866873679E+00
 -0.8425269126124908E+00
 -0.8743850655880533E+00
 -0.9028603926091846E+00
