  0.2920049412185417E-01
 -0.3299941805573924E-01
 -0.9507157419302423E-01
 -0.1567758528558333E+00
 -0.2178735497999913E+00
 -0.2781283029339875E+00
 -0.3373070078882860E+00
 -0.3951807207197089E+00
 -0.4515255443151161E+00
 -0.5061234951102419E+00
 -0.5587633468064174E+00
 -0.6092414478494006E+00
 -0.6573625095299578E+00
 -0.7029403616746525E+00
 -0.7457986730168149E+00
 -0.7857716334711941E+00
 -0.8227045956807766E+00
 -0.8564546733598979E+00
 -0.8868912941234126E+00
 -0.9138967046666431E+00
 -0.9373664263442435E+00
 -0.9572096593873670E+00
 -0.9733496341966766E+00
 -0.9857239083531433E+00
 -0.9942846081982577E+00
 -0.9989986140495393E+00
 -0.9998476883351323E+00
 -0.9968285461519923E+00
 -0.9899528679748503E+00
 -0.9792472544668873E+00
 -0.9647531235670113E+00
 -0.9465265502519314E+00
 -0.9246380495929740E+00
 -0.8991723039469713E+00
 -0.8702278353366710E+00
 -0.8379166242881695E+00
 -0.8023636766000064E+00
 -0.7637065397200168E+00
 -0.7220947706009743E+00
 -0.6776893570937985E+00
 -0.6306620951168326E+00
 -0.5811949240108097E+00
 -0.5294792226508916E+00
 -0.4757150690389758E+00
 -0.4201104662407767E+00
 -0.3628805376623706E+00
 -0.3042466947795320E+00
 -0.2444357805397423E+00
 -0.1836791917508971E+00
 -0.1222119838520094E+00
 -0.6027196152937755E-01
  0.1901241303546839E-02
  0.6406708860321739E-01
  0.1259850727832156E+00
  0.1874156451913822E+00
  0.2481211428770151E+00
  0.3078667080626548E+00
  0.3664211967632001E+00
  0.4235580730370844E+00
  0.4790562854098243E+00
  0.5327011220792303E+00
  0.5842850415936608E+00
  0.6336084757895768E+00
  0.6804806018820001E+00
  0.7247200807207946E+00
  0.7661557583566125E+00
  0.8046273282022739E+00
  0.8399859512278105E+00
  0.8720948317897569E+00
  0.9008297468669202E+00
  0.9260795266551186E+00
  0.9477464846615549E+00
  0.9657467956348820E+00
  0.9800108198688120E+00
  0.9904833726246168E+00
  0.9971239376301564E+00
  0.9999068238294690E+00
  0.9988212647764717E+00
  0.9938714602882527E+00
  0.9850765601967926E+00
  0.9724705902619847E+00
  0.9561023205325809E+00
  0.9360350766643464E+00
  0.9123464949254017E+00
  0.8851282218365792E+00
  0.8544855596088433E+00
  0.8205370587494890E+00
  0.7834140594132608E+00
  0.7432601832728104E+00
  0.7002307778743433E+00
  0.6544923156281444E+00
  0.6062217497591625E+00
  0.5556058297093559E+00
  0.5028403786403849E+00
  0.4481295358318422E+00
  0.3916849669060295E+00
  0.3337250449347942E+00
  0.2744740055965343E+00
  0.2141610796519144E+00
  0.1530196060945939E+00
