 -0.9838436935434829E+00
 -0.9930707468939656E+00
 -0.9984558024439167E+00
 -0.9999780264607097E+00
 -0.9976315297558354E+00
 -0.9914253904693752E+00
 -0.9813836189486234E+00
 -0.9675450648568062E+00
 -0.9499632668713188E+00
 -0.9287062455529944E+00
 -0.9038562401877728E+00
 -0.8755093906188726E+00
 -0.8437753653004163E+00
 -0.8087769370114833E+00
 -0.7706495078720781E+00
 -0.7295405854986309E+00
 -0.6856092123256886E+00
 -0.6390253503016322E+00
 -0.5899692233389157E+00
 -0.5386306200627611E+00
 -0.4852081595558392E+00
 -0.4299085229396190E+00
 -0.3729456537652662E+00
 -0.3145399303075997E+00
 -0.2549173129643620E+00
 -0.1943084700593363E+00
 -0.1329478854314123E+00
 -0.7107295126216708E-01
 -0.8923049651630941E-02
  0.5326137350455151E-01
  0.1152397387535832E+00
  0.1767722638406779E+00
  0.2376208913800249E+00
  0.2975502098525661E+00
  0.3563283643674312E+00
  0.4137279536634684E+00
  0.4695269098805473E+00
  0.5235093576969710E+00
  0.5754664495091556E+00
  0.6251971734224382E+00
  0.6725091309270455E+00
  0.7172192812505537E+00
  0.7591546495070762E+00
  0.7981529959034962E+00
  0.8340634434137042E+00
  0.8667470614925057E+00
  0.8960774035709084E+00
  0.9219409962533338E+00
  0.9442377783241412E+00
  0.9628814878650315E+00
  0.9777999959856524E+00
  0.9889355858762606E+00
  0.9962451761028489E+00
  0.9997004872808447E+00
  0.9992881514825532E+00
  0.9950097639550751E+00
  0.9868818769486035E+00
  0.9749359356789855E+00
  0.9592181566722887E+00
  0.9397893489620416E+00
  0.9167246788308956E+00
  0.8901133790068800E+00
  0.8600584034393109E+00
  0.8266760289899640E+00
  0.7900954055804841E+00
  0.7504580565364261E+00
  0.7079173310610061E+00
  0.6626378109568204E+00
  0.6147946738908263E+00
  0.5645730156659814E+00
  0.5121671341215357E+00
  0.4577797774324437E+00
  0.4016213597160544E+00
  0.3439091469807761E+00
  0.2848664165660934E+00
  0.2247215933259142E+00
  0.1637073658971903E+00
  0.1020597864727815E+00
  0.4001735756137730E-01
 -0.2217989073237182E-01
 -0.8429132933770138E-01
 -0.1460766611648641E+00
 -0.2072968507678833E+00
 -0.2677150491262581E+00
 -0.3270975099678154E+00
 -0.3852144940876212E+00
 -0.4418411581643402E+00
 -0.4967584246353602E+00
 -0.5497538292653270E+00
 -0.6006223431289962E+00
 -0.6491671658283120E+00
 -0.6952004868749155E+00
 -0.7385442122924454E+00
 -0.7790306536275249E+00
 -0.8165031767038158E+00
 -0.8508168076092193E+00
 -0.8818387935717749E+00
 -0.9094491165543439E+00
 -0.9335409575810845E+00
 -0.9540211099993158E+00
