           BREAK
 -0.7109135470528084E+00
 -0.7532609811605576E+00
 -0.7926941942158742E+00
 -0.8290606270203035E+00
 -0.8622195850673557E+00
 -0.8920427828902242E+00
 -0.9184148403927345E+00
 -0.9412337292457609E+00
 -0.9604111676239193E+00
 -0.9758729617566821E+00
 -0.9875592929734689E+00
 -0.9954249491328743E+00
 -0.9994394995411489E+00
 -0.9995874126835252E+00
 -0.9958681163131419E+00
 -0.9882959996652337E+00
 -0.9769003577881200E+00
 -0.9617252782064167E+00
 -0.9428294703549978E+00
 -0.9202860384436002E+00
 -0.8941821986308418E+00
 -0.8646189416018413E+00
 -0.8317106418548758E+00
 -0.7955846152086641E+00
 -0.7563806262421999E+00
 -0.7142503475727442E+00
 -0.6693567730639364E+00
 -0.6218735872342024E+00
 -0.5719844933050910E+00
 -0.5198825024892001E+00
 -0.4657691872672889E+00
 -0.4098539015435112E+00
 -0.3523529706958264E+00
 -0.2934888546551416E+00
 -0.2334892872510516E+00
 -0.1725863951538961E+00
 -0.1110157998217652E+00
 -0.4901570592685173E-01
  0.1317402021214965E-01
  0.7531277862623009E-01
  0.1371601665306082E+00
  0.1984769083964008E+00
  0.2590257816611593E+00
  0.3185725344968818E+00
  0.3768867920848269E+00
  0.4337429478909339E+00
  0.4889210364936735E+00
  0.5422075845875334E+00
  0.5933964368697668E+00
  0.6422895536152078E+00
  0.6886977768534969E+00
  0.7324415621845198E+00
  0.7733516734008146E+00
  0.8112698372295762E+00
  0.8460493556612081E+00
  0.8775556734954174E+00
  0.9056668989091474E+00
  0.9302742750323605E+00
  0.9512826007072424E+00
  0.9686105988029849E+00
  0.9821912306612163E+00
  0.9919719554555487E+00
  0.9979149334618258E+00
  0.9999971724526675E+00
  0.9982106166499283E+00
  0.9925621778909401E+00
  0.9830737088879552E+00
  0.9697819186842482E+00
  0.9527382306339591E+00
  0.9320085834551253E+00
  0.9076731761255908E+00
  0.8798261576087443E+00
  0.8485752626094638E+00
  0.8140413947694786E+00
  0.7763581589146644E+00
  0.7356713441639261E+00
  0.6921383598994213E+00
  0.6459276267802392E+00
  0.5972179251555874E+00
  0.5461977033983544E+00
  0.4930643488349660E+00
  0.4380234240921587E+00
  0.3812878718151170E+00
  0.3230771908337470E+00
  0.2636165869643380E+00
  0.2031361017320188E+00
  0.1418697223847780E+00
  0.8005447664226378E-01
  0.1792951568158012E-01
 -0.4426481109215870E-01
 -0.1062878859109832E+00
 -0.1678997535474659E+00
 -0.2288620496548887E+00
 -0.2889389229525856E+00
 -0.3478979476887307E+00
 -0.4055110228504262E+00
 -0.4615552546422003E+00
 -0.5158138188188035E+00
 -0.5680767995360972E+00
 -0.6181420014746662E+00
