 -0.3079077684741731E-01
 -0.9287158979795218E-01
 -0.1545930358586694E+00
 -0.2157163445559438E+00
 -0.2760050548534577E+00
 -0.3352259311147975E+00
 -0.3931498663239282E+00
 -0.4495527691262065E+00
 -0.5042164313037090E+00
 -0.5569293723649686E+00
 -0.6074876580101919E+00
 -0.6556956893280040E+00
 -0.7013669596880696E+00
 -0.7443247764150378E+00
 -0.7844029444623902E+00
 -0.8214464094493135E+00
 -0.8553118575790301E+00
 -0.8858682701223156E+00
 -0.9129974303245345E+00
 -0.9365943807777054E+00
 -0.9565678294900359E+00
 -0.9728405030833567E+00
 -0.9853494457529942E+00
 -0.9940462628342256E+00
 -0.9988973080334829E+00
 -0.9998838136003234E+00
 -0.9970019629367893E+00
 -0.9902629053633991E+00
 -0.9796927129847618E+00
 -0.9653322798217443E+00
 -0.9472371636004843E+00
 -0.9254773708103502E+00
 -0.9001370858624329E+00
 -0.8713143453964129E+00
 -0.8391206589958435E+00
 -0.8036805777792333E+00
 -0.7651312125359646E+00
 -0.7236217032712856E+00
 -0.6793126422126046E+00
 -0.6323754525093597E+00
 -0.5829917250301559E+00
 -0.5313525158229720E+00
 -0.4776576069564271E+00
 -0.4221147336017675E+00
 -0.3649387803458453E+00
 -0.3063509498443961E+00
 -0.2465779070319383E+00
 -0.1858509021991719E+00
 -0.1244048763305298E+00
 -0.6247755216315160E-01
 -0.3085144837927926E-03
  0.6186171677816990E-01
  0.1237926170756208E+00
  0.1852445877864503E+00
  0.2459798831740804E+00
  0.3057635301795311E+00
  0.3643642374865395E+00
  0.4215552903427283E+00
  0.4771154276749419E+00
  0.5308296981053540E+00
  0.5824902915565879E+00
  0.6318973432285406E+00
  0.6788597068364614E+00
  0.7231956941187984E+00
  0.7647337777537839E+00
  0.8033132549653210E+00
  0.8387848692508053E+00
  0.8710113878255379E+00
  0.8998681325497074E+00
  0.9252434622838950E+00
  0.9470392048069534E+00
  0.9651710366252574E+00
  0.9795688092039233E+00
  0.9901768203578573E+00
  0.9969540297526930E+00
  0.9998742176818723E+00
  0.9989260865055927E+00
  0.9941133043591847E+00
  0.9854544909618077E+00
  0.9729831455803719E+00
  0.9567475174273868E+00
  0.9368104189941259E+00
  0.9132489830413030E+00
  0.8861543641874071E+00
  0.8556313862491877E+00
  0.8217981366986749E+00
  0.7847855098056888E+00
  0.7447367002333399E+00
  0.7018066490456932E+00
  0.6561614442708932E+00
  0.6079776783388470E+00
  0.5574417648794219E+00
  0.5047492175243216E+00
  0.4501038935028300E+00
  0.3937172049577949E+00
  0.3358073010331116E+00
  0.2765982238970717E+00
  0.2163190419667351E+00
  0.1552029636867212E+00
  0.9348643529104884E-01
