  0.4918491255879185E-01
 -0.1300495844624617E-01
 -0.7514441889586196E-01
 -0.1369930892925197E+00
 -0.1983117085378835E+00
 -0.2588630611743075E+00
 -0.3184128963539455E+00
 -0.3767308350558951E+00
 -0.4335912621023334E+00
 -0.4887741995712122E+00
 -0.5420661582651179E+00
 -0.5932609639727754E+00
 -0.6421605553506573E+00
 -0.6885757503567741E+00
 -0.7323269782861960E+00
 -0.7732449745876011E+00
 -0.8111714357815321E+00
 -0.8459596319533195E+00
 -0.8774749744561386E+00
 -0.9055955366317093E+00
 -0.9302125255369229E+00
 -0.9512307028534994E+00
 -0.9685687533537991E+00
 -0.9821595994983953E+00
 -0.9919506609490860E+00
 -0.9979040579939110E+00
 -0.9999967580975512E+00
 -0.9982206650104135E+00
 -0.9925826500918246E+00
 -0.9831045257262808E+00
 -0.9698229609356660E+00
 -0.9527893395139732E+00
 -0.9320695612334028E+00
 -0.9077437868909494E+00
 -0.8799061281818449E+00
 -0.8486642835996949E+00
 -0.8141391217719246E+00
 -0.7764642138425398E+00
 -0.7357853167113206E+00
 -0.6922598091286910E+00
 -0.6460560828279097E+00
 -0.5973528910501640E+00
 -0.5463386569830109E+00
 -0.4932107447876637E+00
 -0.4381746960353970E+00
 -0.3814434345071349E+00
 -0.3232364424327094E+00
 -0.2637789113567475E+00
 -0.2033008709163348E+00
 -0.1420362989010370E+00
 -0.8022221603828442E-01
 -0.1809776900622441E-01
  0.4409669477831859E-01
  0.1061205570173054E+00
  0.1677338594369354E+00
  0.2286982321395901E+00
  0.2887778158106609E+00
  0.3477401742124146E+00
  0.4053571934346470E+00
  0.4614059644230832E+00
  0.5156696453712050E+00
  0.5679383006390776E+00
  0.6180097129535536E+00
  0.6656901657476213E+00
  0.7107951926121675E+00
  0.7531502909606815E+00
  0.7925915971458570E+00
  0.8289665204162178E+00
  0.8621343332600843E+00
  0.8919667158529808E+00
  0.9183482525021097E+00
  0.9411768781672414E+00
  0.9603642733305313E+00
  0.9758362056875728E+00
  0.9875328173377653E+00
  0.9954088563629018E+00
  0.9994338518980498E+00
  0.9995922320174080E+00
  0.9958833839790631E+00
  0.9883216565955681E+00
  0.9769363047211738E+00
  0.9617713760704826E+00
  0.9428855408063963E+00
  0.9203518645566543E+00
  0.8942575257371120E+00
  0.8647034782753894E+00
  0.8318040610397335E+00
  0.7956865554841522E+00
  0.7564906932211932E+00
  0.7143681154274819E+00
  0.6694817861734662E+00
  0.6220053619470904E+00
  0.5721225198105724E+00
  0.5200262467895401E+00
  0.4659180932437160E+00
  0.4100073931077289E+00
  0.3525104540187914E+00
  0.2936497204644714E+00
  0.2336529131881792E+00
  0.1727521481818587E+00
