           BREAK
  0.8465206044547877E+00
  0.8117498378285425E+00
  0.7738446176604358E+00
  0.7329503173755182E+00
  0.6892241295569217E+00
  0.6428344095109326E+00
  0.5939599842710427E+00
  0.5427894282665602E+00
  0.4895203072376896E+00
  0.4343583922959814E+00
  0.3775168463098984E+00
  0.3192153850428786E+00
  0.2596794156881727E+00
  0.1991391556330079E+00
  0.1378287344462182E+00
  0.7598528222006254E-01
  0.1384800750984506E-01
 -0.4834273179441637E-01
 -0.1103463612606586E+00
 -0.1719230229189884E+00
 -0.2328345049947997E+00
 -0.2928451648767893E+00
 -0.3517228418322248E+00
 -0.4092397560052452E+00
 -0.4651733902736933E+00
 -0.5193073515954727E+00
 -0.5714322085459324E+00
 -0.6213463018327786E+00
 -0.6688565246738081E+00
 -0.7137790700347516E+00
 -0.7559401418490699E+00
 -0.7951766274779588E+00
 -0.8313367288165017E+00
 -0.8642805496100698E+00
 -0.8938806367131084E+00
 -0.9200224731995189E+00
 -0.9426049214193121E+00
 -0.9615406142891958E+00
 -0.9767562933045695E+00
 -0.9881930919661452E+00
 -0.9958067635253347E+00
 -0.9995678521677644E+00
 -0.9994618069729532E+00
 -0.9954890382094881E+00
 -0.9876649157480427E+00
 -0.9760197095984681E+00
 -0.9605984728010680E+00
 -0.9414608671251640E+00
 -0.9186809322493030E+00
 -0.8923467993161271E+00
 -0.8625603499701004E+00
 -0.8294368221972150E+00
 -0.7931043644916111E+00
 -0.7537035400739467E+00
 -0.7113867830796062E+00
 -0.6663178088206412E+00
 -0.6186709804030349E+00
 -0.5686306341497205E+00
 -0.5163903664391537E+00
 -0.4621522847185369E+00
 -0.4061262255893690E+00
 -0.3485289429903959E+00
 -0.2895832696187318E+00
 -0.2295172548334416E+00
 -0.1685632823768738E+00
 -0.1069571713271059E+00
 -0.4493726375974352E-01
  0.1725649735127010E-01
  0.7938349642640338E-01
  0.1412033761754716E+00
  0.2024769674933017E+00
  0.2629672147585312E+00
  0.3224400929557635E+00
  0.3806655130728803E+00
  0.4374182122707369E+00
  0.4924786253813243E+00
  0.5456337343627491E+00
  0.5966778924246544E+00
  0.6454136196357054E+00
  0.6916523669350746E+00
  0.7352152455921320E+00
  0.7759337192921925E+00
  0.8136502561707740E+00
  0.8482189382737785E+00
  0.8795060260857116E+00
  0.9073904759418823E+00
  0.9317644083228316E+00
  0.9525335252192330E+00
  0.9696174749525711E+00
  0.9829501630401793E+00
  0.9924800079019490E+00
  0.9981701404194463E+00
  0.9999985465753676E+00
  0.9979581526214946E+00
  0.9920568524456528E+00
  0.9823174770317936E+00
  0.9687777061313536E+00
  0.9514899224876129E+00
  0.9305210091770394E+00
  0.9059520908516618E+00
