  0.9206566395990866E+00
  0.8945265886278390E+00
  0.8649467313260593E+00
  0.8320292762345246E+00
  0.7958997760755243E+00
  0.7566965629079897E+00
  0.7145701475203385E+00
  0.6696825831613952E+00
  0.6222067941859611E+00
  0.5723258706176940E+00
  0.5202323300124492E+00
  0.4661273483442905E+00
  0.4102199619375491E+00
  0.3527262427345834E+00
  0.2938684494230953E+00
  0.2338741571512644E+00
  0.1729753687355770E+00
  0.1114076104169450E+00
  0.4940901534695682E-01
 -0.1278060191064720E-01
 -0.7492067649681032E-01
 -0.1367708265652191E+00
 -0.1980917853136945E+00
 -0.2586463282492062E+00
 -0.3182001921930800E+00
 -0.3765229825467500E+00
 -0.4333890653688645E+00
 -0.4885784408611209E+00
 -0.5418775949221922E+00
 -0.5930803255058975E+00
 -0.6419885406107549E+00
 -0.6884130248325704E+00
 -0.7321741715291732E+00
 -0.7731026777761063E+00
 -0.8110401994334226E+00
 -0.8458399637959715E+00
 -0.8773673374620503E+00
 -0.9055003472272787E+00
 -0.9301301519913291E+00
 -0.9511614638539078E+00
 -0.9685129167724029E+00
 -0.9821173813560561E+00
 -0.9919222245795818E+00
 -0.9978895134120244E+00
 -0.9999961615734411E+00
 -0.9982340188519149E+00
 -0.9926099026355191E+00
 -0.9831455715373701E+00
 -0.9698776412158815E+00
 -0.9528574427159333E+00
 -0.9321508238790497E+00
 -0.9078378945908928E+00
 -0.8800127168516763E+00
 -0.8487829408685578E+00
 -0.8142693885778963E+00
 -0.7766055862086551E+00
 -0.7359372476953584E+00
 -0.6924217109391897E+00
 -0.6462273290982165E+00
 -0.5975328192617267E+00
 -0.5465265710285329E+00
 -0.4934059176642088E+00
 -0.4383763726570212E+00
 -0.3816508346261688E+00
 -0.3234487636583830E+00
 -0.2639953322594857E+00
 -0.2035205542057093E+00
 -0.1422583946650774E+00
 -0.8044586503162546E-01
 -0.1832210597435942E-01
  0.4387253775153865E-01
  0.1058974471518699E+00
  0.1675126599015719E+00
  0.2284797987123292E+00
  0.2885629935679968E+00
  0.3475297942598726E+00
  0.4051520696913932E+00
  0.4612068904730307E+00
  0.5154773913927944E+00
  0.5677536104256020E+00
  0.6178333010355695E+00
  0.6655227146285688E+00
  0.7106373501278961E+00
  0.7530026677730981E+00
  0.7924547643803979E+00
  0.8288410074522684E+00
  0.8620206256829203E+00
  0.8918652535751285E+00
  0.9182594280614108E+00
  0.9411010352082020E+00
  0.9603017052748256E+00
  0.9757871545988536E+00
  0.9874974729851652E+00
  0.9953873554868560E+00
  0.9994262776812700E+00
  0.9995986137630671E+00
  0.9959036969974279E+00
  0.9883558222995158E+00
  0.9769841909302338E+00
  0.9618327975222147E+00
