  0.9663571472115846E+00
  0.9483284244651350E+00
  0.9266488702845758E+00
  0.9013987782435472E+00
  0.8726729296545697E+00
  0.8405801067167918E+00
  0.8052425717148993E+00
  0.7667955110854999E+00
  0.7253864437770512E+00
  0.6811745938759521E+00
  0.6343302279610255E+00
  0.5850339580867460E+00
  0.5334760116871553E+00
  0.4798554700414194E+00
  0.4243794772523578E+00
  0.3672624219640448E+00
  0.3087250942865479E+00
  0.2489938206075521E+00
  0.1882995791540218E+00
  0.1268770993240928E+00
  0.6496394794163241E-01
  0.2799605694792940E-02
 -0.5937546289335902E-01
 -0.1213207425483512E+00
 -0.1827965999224555E+00
 -0.2435652123815030E+00
 -0.3033914894062092E+00
 -0.3620439831233029E+00
 -0.4192957845081122E+00
 -0.4749254018428430E+00
 -0.5287176180729742E+00
 -0.5804643237773373E+00
 -0.6299653225549308E+00
 -0.6770291057327120E+00
 -0.7214735934128818E+00
 -0.7631268390048692E+00
 -0.8018276945257242E+00
 -0.8374264341021740E+00
 -0.8697853332676108E+00
 -0.8987792018169420E+00
 -0.9242958681608748E+00
 -0.9462366133080460E+00
 -0.9645165527976871E+00
 -0.9790649651064115E+00
 -0.9898255652594712E+00
 -0.9967567225885324E+00
 -0.9998316217939639E+00
 -0.9990383666887962E+00
 -0.9943800262232042E+00
 -0.9858746226115694E+00
 -0.9735550616081546E+00
 -0.9574690052011874E+00
 -0.9376786872179051E+00
 -0.9142606725539743E+00
 -0.8873055609587791E+00
 -0.8569176365225906E+00
 -0.8232144642216780E+00
 -0.7863264350822547E+00
 -0.7463962617229264E+00
 -0.7035784262272964E+00
 -0.6580385824827965E+00
 -0.6099529152979746E+00
 -0.5595074587777016E+00
 -0.5068973765933565E+00
 -0.4523262069324994E+00
 -0.3960050750491600E+00
 -0.3381518764612492E+00
 -0.2789904339551243E+00
 -0.2187496316587157E+00
 -0.1576625295332974E+00
 -0.9596546170977097E-01
 -0.3389712215783158E-01
  0.2830235877463895E-01
  0.9039234337923044E-01
  0.1521326175675543E+00
  0.2132843202128869E+00
  0.2736108672574619E+00
  0.3328788670102317E+00
  0.3908590230939820E+00
  0.4473270215484652E+00
  0.5020643986575390E+00
  0.5548593861428461E+00
  0.6055077304541390E+00
  0.6538134829865874E+00
  0.6995897581678682E+00
  0.7426594564821323E+00
  0.7828559496336325E+00
  0.8200237251992242E+00
  0.8540189882757242E+00
  0.8847102177944541E+00
  0.9119786753507054E+00
  0.9357188645795580E+00
  0.9558389393008268E+00
  0.9722610588540849E+00
  0.9849216892490581E+00
  0.9937718489662946E+00
  0.9987772984571432E+00
  0.9999186726099186E+00
  0.9971915556697543E+00
  0.9906064983223040E+00
