  0.9355893270399989E+00
  0.9117302874185725E+00
  0.8843565893097649E+00
  0.8535715792538821E+00
  0.8194922924469549E+00
  0.7822489106985668E+00
  0.7419841848400027E+00
  0.6988528213479155E+00
  0.6530208334599612E+00
  0.6046648575166085E+00
  0.5539714356726210E+00
  0.5011362664869671E+00
  0.4463634252250959E+00
  0.3898645559958405E+00
  0.3318580380997927E+00
  0.2725681291892897E+00
  0.2122240880343975E+00
  0.1510592798564928E+00
  0.8931026733282087E-01
  0.2721589049332379E-01
 -0.3498366117367657E-01
 -0.9704778101649682E-01
 -0.1587363784719233E+00
 -0.2198108097960604E+00
 -0.2800348027810864E+00
 -0.3391753719674692E+00
 -0.3970037208809643E+00
 -0.4532961278600269E+00
 -0.5078348120914002E+00
 -0.5604087765389881E+00
 -0.6108146245330655E+00
 -0.6588573468827373E+00
 -0.7043510764838018E+00
 -0.7471198075160407E+00
 -0.7869980764579291E+00
 -0.8238316022920257E+00
 -0.8574778834303179E+00
 -0.8878067490547359E+00
 -0.9147008627432659E+00
 -0.9380561764358066E+00
 -0.9577823329853578E+00
 -0.9738030157385359E+00
 -0.9860562437939467E+00
 -0.9944946117968424E+00
 -0.9990854733428255E+00
 -0.9998110672814084E+00
 -0.9966685864310088E+00
 -0.9896701884396955E+00
 -0.9788429487497671E+00
 -0.9642287558482021E+00
 -0.9458841492082689E+00
 -0.9238801005492990E+00
 -0.8983017392608886E+00
 -0.8692480230538298E+00
 -0.8368313551119465E+00
 -0.8011771492260122E+00
 -0.7624233445921579E+00
 -0.7207198721519182E+00
 -0.6762280745385467E+00
 -0.6291200818737110E+00
 -0.5795781458294949E+00
 -0.5277939345320796E+00
 -0.4739677910350021E+00
 -0.4183079582307992E+00
 -0.3610297731997129E+00
 -0.3023548341123564E+00
 -0.2425101429094445E+00
 -0.1817272270753802E+00
 -0.1202412439033999E+00
 -0.5829007071768720E-01
  0.3886615427785020E-02
  0.6604826501320800E-01
  0.1279543866923076E+00
  0.1893654777066343E+00
  0.2500439504752134E+00
  0.3097550517747406E+00
  0.3682677709541950E+00
  0.4253557336701714E+00
  0.4807980776852411E+00
  0.5343803073410371E+00
  0.5858951234002890E+00
  0.6351432250473033E+00
  0.6819340809440977E+00
  0.7260866663591352E+00
  0.7674301635168453E+00
  0.8058046224584080E+00
  0.8410615798570799E+00
  0.8730646333939527E+00
  0.9016899694720368E+00
  0.9268268422270102E+00
  0.9483780019814527E+00
  0.9662600714849582E+00
  0.9804038684845154E+00
  0.9907546733772096E+00
  0.9972724409097319E+00
  0.9999319551056863E+00
  0.9987229268213078E+00
  0.9936500335521511E+00
  0.9847329013367789E+00
  0.9720060288274271E+00
