           BREAK
  0.4521860697747235E+00
  0.3958578879431992E+00
  0.3379988894415561E+00
  0.2788327569142198E+00
  0.2185882668920834E+00
  0.1574983968090274E+00
  0.9579941735837411E-01
  0.3372997339930360E-01
 -0.2846984327915027E-01
 -0.9055942595283327E-01
 -0.1522985862767199E+00
 -0.2134484854435465E+00
 -0.2737725596944681E+00
 -0.3330374366901940E+00
 -0.3910138392690786E+00
 -0.4474774731532232E+00
 -0.5022098952141821E+00
 -0.5549993589756258E+00
 -0.6056416341107622E+00
 -0.6539407967867510E+00
 -0.6997099878162153E+00
 -0.7427721356965398E+00
 -0.7829606417503455E+00
 -0.8201200247247025E+00
 -0.8541065223615024E+00
 -0.8847886476163913E+00
 -0.9120476973779208E+00
 -0.9357782117214400E+00
 -0.9558883819229200E+00
 -0.9723004056556209E+00
 -0.9849507879964402E+00
 -0.9937905870781496E+00
 -0.9987856034376591E+00
 -0.9999165123281079E+00
 -0.9971789384831462E+00
 -0.9905834730443184E+00
 -0.9801556325861607E+00
 -0.9659357603976153E+00
 -0.9479788704017170E+00
 -0.9263544343174193E+00
 -0.9011461128870143E+00
 -0.8724514322089695E+00
 -0.8403814064283960E+00
 -0.8050601082448868E+00
 -0.7666241888993448E+00
 -0.7252223494968788E+00
 -0.6810147657111174E+00
 -0.6341724680956433E+00
 -0.5848766804000077E+00
 -0.5333181184502516E+00
 -0.4796962523064214E+00
 -0.4242185345516591E+00
 -0.3670995976984582E+00
 -0.3085604238171698E+00
 -0.2488274895992999E+00
 -0.1881318901631886E+00
 -0.1267084449918897E+00
 -0.6479478946221195E-01
 -0.2630455479606570E-02
  0.5954405522423891E-01
  0.1214882015458782E+00
  0.1829623336169089E+00
  0.2437286199627549E+00
  0.3035519676264399E+00
  0.3622009316975662E+00
  0.4194486107277112E+00
  0.4750735245680525E+00
  0.5288604712330384E+00
  0.5806013594750594E+00
  0.6300960138490638E+00
  0.6771529491524676E+00
  0.7215901112441989E+00
  0.7632355813768092E+00
  0.8019282413167030E+00
  0.8375183966792878E+00
  0.8698683560674656E+00
  0.8988529637728996E+00
  0.9243600839791346E+00
  0.9462910345932901E+00
  0.9645609690279038E+00
  0.9790992044558960E+00
  0.9898494952686983E+00
  0.9967702506795844E+00
  0.9998346956303445E+00
  0.9990309743787860E+00
  0.9943621963662940E+00
  0.9858464241880083E+00
  0.9735166037121525E+00
  0.9574204366188680E+00
  0.9376201958516823E+00
  0.9141924846955858E+00
  0.8872279404138076E+00
  0.8568308835898459E+00
  0.8231189145314031E+00
  0.7862224582976367E+00
  0.7462842601099431E+00
  0.7034588330984293E+00
  0.6579118605206277E+00
  0.6098195547651581E+00
  0.5593679756202325E+00
