  0.5557167137114395E+00
  0.5029504796678443E+00
  0.4482395646918006E+00
  0.3917953711307799E+00
  0.3338360650257522E+00
  0.2745857200085193E+00
  0.2142734407079593E+00
  0.1531324686215611E+00
  0.9139927355124272E-01
  0.2931263382115055E-01
 -0.3288729140882842E-01
 -0.9495989434556648E-01
 -0.1566650518387829E+00
 -0.2177640562537554E+00
 -0.2780205404477916E+00
 -0.3372013933596062E+00
 -0.3950776627400115E+00
 -0.4514254415880561E+00
 -0.5060267349083674E+00
 -0.5586703034722971E+00
 -0.6091524813469217E+00
 -0.6572779640513693E+00
 -0.7028605643087100E+00
 -0.7457239324831636E+00
 -0.7857022389258654E+00
 -0.8226408155974101E+00
 -0.8563967544910026E+00
 -0.8868394605456880E+00
 -0.9138511569140371E+00
 -0.9373273406321059E+00
 -0.9571771869306910E+00
 -0.9733239006250701E+00
 -0.9857050132247857E+00
 -0.9942726246147248E+00
 -0.9989935883729849E+00
 -0.9998496400089222E+00
 -0.9968374676254788E+00
 -0.9899687247325857E+00
 -0.9792699851621560E+00
 -0.9647826402591698E+00
 -0.9465627387466321E+00
 -0.9246807698839602E+00
 -0.8992213907577368E+00
 -0.8702830987598809E+00
 -0.8379778505203752E+00
 -0.8024306287688098E+00
 -0.7637789588004831E+00
 -0.7221723764177503E+00
 -0.6777718494050550E+00
 -0.6307491547758425E+00
 -0.5812862142006665E+00
 -0.5295743901875845E+00
 -0.4758137457377929E+00
 -0.4202122703407404E+00
 -0.3629850753031956E+00
 -0.3043535615253938E+00
 -0.2445445629439617E+00
 -0.1837894689554859E+00
 -0.1223233292158857E+00
 -0.6038394427895882E-01
  0.1789054407763723E-02
  0.6395513159053746E-01
  0.1258737787935718E+00
  0.1873054447996003E+00
  0.2480124624270018E+00
  0.3077599680179584E+00
  0.3663168100803169E+00
  0.4234564435678126E+00
  0.4789578063388368E+00
  0.5326061744029212E+00
  0.5841939926461452E+00
  0.6335216778215439E+00
  0.6803983906979263E+00
  0.7246427743797809E+00
  0.7660836559418734E+00
  0.8045607086640462E+00
  0.8399250723041447E+00
  0.8720399290093809E+00
  0.9007810326380269E+00
  0.9260371894435960E+00
  0.9477106882618496E+00
  0.9657176785363095E+00
  0.9799884947197713E+00
  0.9904679257967715E+00
  0.9971154288842835E+00
  0.9999052860842519E+00
  0.9988267039811491E+00
  0.9938838553995983E+00
  0.9850958632605283E+00
  0.9724967265983072E+00
  0.9561351890250820E+00
  0.9360745501512143E+00
  0.9123924206913836E+00
  0.8851804222038087E+00
  0.8545438326242406E+00
  0.8206011789660774E+00
  0.7834837787623793E+00
  0.7433352320238412E+00
  0.7003108656782481E+00
  0.6545771326407696E+00
