           BREAK
  0.9126385598214295E+00
  0.8853880183458492E+00
  0.8547222563628513E+00
  0.8207578319092815E+00
  0.7836244694953833E+00
  0.7434644837829226E+00
  0.7004321674780806E+00
  0.6546931436983630E+00
  0.6064236835323062E+00
  0.5558099899217349E+00
  0.5030474493630746E+00
  0.4483398532507120E+00
  0.3918985909750659E+00
  0.3339418171436955E+00
  0.2746935955181545E+00
  0.2143830224545818E+00
  0.1532433328041028E+00
  0.9151099137182322E-01
  0.2942477315190107E-01
 -0.3277516434772067E-01
 -0.9484821330274644E-01
 -0.1565542488498084E+00
 -0.2176545599666488E+00
 -0.2779127744623712E+00
 -0.3370957745868777E+00
 -0.3949745997878543E+00
 -0.4513253331793576E+00
 -0.5059299683376537E+00
 -0.5585772531067741E+00
 -0.6090635071776792E+00
 -0.6571934103003140E+00
 -0.7027807580966026E+00
 -0.7456491825638730E+00
 -0.7856328344917336E+00
 -0.8225770251603335E+00
 -0.8563388248435474E+00
 -0.8867876158062539E+00
 -0.9138055976597536E+00
 -0.9372882431228208E+00
 -0.9571447024270388E+00
 -0.9732981548032660E+00
 -0.9856861056904024E+00
 -0.9942606285173344E+00
 -0.9989885501231552E+00
 -0.9998515790986612E+00
 -0.9968463765528260E+00
 -0.9899845690306308E+00
 -0.9792927035323890E+00
 -0.9648121448086289E+00
 -0.9465989153279468E+00
 -0.9247234785369663E+00
 -0.8992704662509520E+00
 -0.8703383512297559E+00
 -0.8380390662058377E+00
 -0.8024975708382655E+00
 -0.7638513682680695E+00
 -0.7222499731453039E+00
 -0.6778543331859122E+00
 -0.6308362064962787E+00
 -0.5813774970744854E+00
 -0.5296695510590814E+00
 -0.4759124164480435E+00
 -0.4203140691519346E+00
 -0.3630896083755087E+00
 -0.3044604244406766E+00
 -0.2446533422703550E+00
 -0.1838997438469082E+00
 -0.1224346730402046E+00
 -0.6049592626854864E-01
  0.1676867489465781E-02
  0.6384317377292517E-01
  0.1257624832196905E+00
  0.1871952420504049E+00
  0.2479037788555206E+00
  0.3076532240998146E+00
  0.3662124187869944E+00
  0.4233548087689445E+00
  0.4788593212397151E+00
  0.5325112200232640E+00
  0.5841029363459992E+00
  0.6334348718800458E+00
  0.6803161709504003E+00
  0.7245654589184571E+00
  0.7660115438852521E+00
  0.8044940789996651E+00
  0.8398641828092310E+00
  0.8719850152535634E+00
  0.9007323070719575E+00
  0.9259948405770237E+00
  0.9476748799343125E+00
  0.9656885492832712E+00
  0.9799661572366517E+00
  0.9904524665029542E+00
  0.9971069075887727E+00
  0.9999037357542853E+00
  0.9988321306146511E+00
  0.9938962380019789E+00
  0.9851151539259042E+00
  0.9725228506948410E+00
  0.9561680454837199E+00
