  0.7098362344926892E+00
  0.6646596513250507E+00
  0.6169142061640875E+00
  0.5667840468918824E+00
  0.5144626670393410E+00
  0.4601521334317790E+00
  0.4040622851163974E+00
  0.3464099058882011E+00
  0.2874178729617652E+00
  0.2273142845375454E+00
  0.1663315691851917E+00
  0.1047055801142609E+00
  0.4267467752648282E-01
 -0.1952119765549596E-01
 -0.8164145530886840E-01
 -0.1434457894484586E+00
 -0.2046951099104143E+00
 -0.2651524688908004E+00
 -0.3245839788463493E+00
 -0.3827597182802080E+00
 -0.4394546219677801E+00
 -0.4944493522260214E+00
 -0.5475311478931573E+00
 -0.5984946477641848E+00
 -0.6471426853199514E+00
 -0.6932870516936008E+00
 -0.7367492239369586E+00
 -0.7773610557804433E+00
 -0.8149654282226271E+00
 -0.8494168574389597E+00
 -0.8805820576627245E+00
 -0.9083404568642607E+00
 -0.9325846632361671E+00
 -0.9532208806817905E+00
 -0.9701692717010552E+00
 -0.9833642662707810E+00
 -0.9927548155252662E+00
 -0.9983045892562384E+00
 -0.9999921164684674E+00
 -0.9978108684475134E+00
 -0.9917692840184120E+00
 -0.9818907368976841E+00
 -0.9682134452650629E+00
 -0.9507903239048168E+00
 -0.9296887794887414E+00
 -0.9049904497928444E+00
 -0.8767908878566472E+00
 -0.8451991923070339E+00
 -0.8103375852768575E+00
 -0.7723409395512529E+00
 -0.7313562567710294E+00
 -0.6875420987118840E+00
 -0.6410679738396919E+00
 -0.5921136815151860E+00
 -0.5408686163851566E+00
 -0.4875310356513566E+00
 -0.4323072920519044E+00
 -0.3754110355226256E+00
 -0.3170623866269566E+00
 -0.2574870849522474E+00
 -0.1969156157671515E+00
 -0.1355823183188967E+00
 -0.7372447922026285E-01
 -0.1158141443377287E-01
  0.5060645659527239E-01
  0.1125985410749256E+00
  0.1741550036733621E+00
  0.2350376943951911E+00
  0.2950110699375181E+00
  0.3538431049612277E+00
  0.4113061897519487E+00
  0.4671780107978154E+00
  0.5212424108772646E+00
  0.5732902253293265E+00
  0.6231200912710684E+00
  0.6705392266314705E+00
  0.7153641759878052E+00
  0.7574215203190298E+00
  0.7965485479302903E+00
  0.8325938839528555E+00
  0.8654180759840809E+00
  0.8948941336016610E+00
  0.9209080196649051E+00
  0.9433590915022776E+00
  0.9621604902783477E+00
  0.9772394770337435E+00
  0.9885377140980628E+00
  0.9960114907869778E+00
  0.9996318925103904E+00
  0.9993849126373566E+00
  0.9952715066850257E+00
  0.9873075886219277E+00
  0.9755239692999206E+00
  0.9599662372529905E+00
  0.9406945823240714E+00
  0.9177835628022326E+00
  0.8913218169711454E+00
  0.8614117201847814E+00
  0.8281689887970559E+00
  0.7917222324777372E+00
