           BREAK
  0.8908678579083294E-01
  0.2699159749232374E-01
 -0.3520789801724546E-01
 -0.9727109427115771E-01
 -0.1589579042546927E+00
 -0.2200296911205567E+00
 -0.2802501928776280E+00
 -0.3393864375625915E+00
 -0.3972096454239009E+00
 -0.4534961146838472E+00
 -0.5080280874967150E+00
 -0.5605945927884186E+00
 -0.6109922627449681E+00
 -0.6590261198130639E+00
 -0.7045103311853899E+00
 -0.7472689278650877E+00
 -0.7871364855379044E+00
 -0.8239587646258281E+00
 -0.8575933070520583E+00
 -0.8879099874131460E+00
 -0.9147915164293784E+00
 -0.9381338947282333E+00
 -0.9578468152071885E+00
 -0.9738540124206178E+00
 -0.9860935576400444E+00
 -0.9945180984469439E+00
 -0.9990950419316493E+00
 -0.9998066807899459E+00
 -0.9966502618297436E+00
 -0.9896379966229497E+00
 -0.9787970142614263E+00
 -0.9641692563998780E+00
 -0.9458113149917684E+00
 -0.9237942133460564E+00
 -0.8982031313518082E+00
 -0.8691370759337553E+00
 -0.8367084980137327E+00
 -0.8010428574599047E+00
 -0.7622781377069109E+00
 -0.7205643119247622E+00
 -0.6760627628017803E+00
 -0.6289456581863289E+00
 -0.5793952850028589E+00
 -0.5276033440192041E+00
 -0.4737702081935558E+00
 -0.4181041474704120E+00
 -0.3608205230246230E+00
 -0.3021409540708410E+00
 -0.2422924604618331E+00
 -0.1815065843927753E+00
 -0.1200184946094769E+00
 -0.5806607658619053E-01
  0.4110987807074593E-02
  0.6627214758714413E-01
  0.1281769133027035E+00
  0.1895857874412643E+00
  0.2502611909985142E+00
  0.3099683826253292E+00
  0.3684763667964536E+00
  0.4255587874873109E+00
  0.4809948039014882E+00
  0.5345699448608785E+00
  0.5860769385530016E+00
  0.6353165144253820E+00
  0.6820981741246028E+00
  0.7262409284974296E+00
  0.7675739978026827E+00
  0.8059374724248806E+00
  0.8411829315334742E+00
  0.8731740172942083E+00
  0.9017869624110938E+00
  0.9269110689580288E+00
  0.9484491366475739E+00
  0.9663178388799772E+00
  0.9804480451176041E+00
  0.9907850883375560E+00
  0.9972889765277635E+00
  0.9999345474083097E+00
  0.9987115657794065E+00
  0.9936247631193895E+00
  0.9846938192795526E+00
  0.9719532863466229E+00
  0.9554524549674505E+00
  0.9352551636530717E+00
  0.9114395517999111E+00
  0.8840977573836369E+00
  0.8533355604952316E+00
  0.8192719740983717E+00
  0.7820387835913892E+00
  0.7417800369551671E+00
  0.6986514874594878E+00
  0.6528199910838884E+00
  0.6044628609842883E+00
  0.5537671815028397E+00
  0.5009290843749503E+00
  0.4461529899336978E+00
  0.3896508162472785E+00
  0.3316411592491679E+00
  0.2723484470329172E+00
  0.2120020715834650E+00
