  0.9875278041509933E+00
  0.9754981167366733E+00
  0.9597200254681403E+00
  0.9402495949668358E+00
  0.9171580940287487E+00
  0.8905315591195083E+00
  0.8604703272815148E+00
  0.8270885361384960E+00
  0.7905135894095594E+00
  0.7508855869963882E+00
  0.7083567192913525E+00
  0.6630906258778019E+00
  0.6152617192626230E+00
  0.5650544747004295E+00
  0.5126626875431628E+00
  0.4582886998823493E+00
  0.4021425985472556E+00
  0.3444413867837980E+00
  0.2854081321688555E+00
  0.2252710935149878E+00
  0.1642628296934051E+00
  0.1026192934501620E+00
  0.4057891341348237E-01
 -0.2161833240985293E-01
 -0.8373184827270438E-01
 -0.1455213540263084E+00
 -0.2067478166874134E+00
 -0.2671743767424845E+00
 -0.3265672656964709E+00
 -0.3846967113897988E+00
 -0.4413378276400621E+00
 -0.4962714848136560E+00
 -0.5492851579967476E+00
 -0.6001737495138115E+00
 -0.6487403826349046E+00
 -0.6947971634192526E+00
 -0.7381659077619555E+00
 -0.7786788308420055E+00
 -0.8161791963127591E+00
 -0.8505219227297111E+00
 -0.8815741448743369E+00
 -0.9092157278060169E+00
 -0.9333397316560287E+00
 -0.9538528253674347E+00
 -0.9706756477816648E+00
 -0.9837431146758955E+00
 -0.9930046705641205E+00
 -0.9984244842882830E+00
 -0.9999815876431409E+00
 -0.9976699564988065E+00
 -0.9914985341072816E+00
 -0.9814911965029403E+00
 -0.9676866601308746E+00
 -0.9501383320605303E+00
 -0.9289141033641423E+00
 -0.9040960864593647E+00
 -0.8757802974322786E+00
 -0.8440762845698032E+00
 -0.8091067045386573E+00
 -0.7710068478505383E+00
 -0.7299241154494208E+00
 -0.6860174484459359E+00
 -0.6394567132050948E+00
 -0.5904220441663190E+00
 -0.5391031469382934E+00
 -0.4856985643648142E+00
 -0.4304149084011018E+00
 -0.3734660607722792E+00
 -0.3150723455065306E+00
 -0.2554596765442382E+00
 -0.1948586837208293E+00
 -0.1335038205047557E+00
 -0.7163245694256057E-01
 -0.9483961320291289E-02
  0.5270122590590332E-01
  0.1146825223271884E+00
  0.1762201343486415E+00
  0.2370759849040902E+00
  0.2970146345300318E+00
  0.3558041922351754E+00
  0.4132172126416405E+00
  0.4690315759269418E+00
  0.5230313471624271E+00
  0.5750076117235687E+00
  0.6247592835400646E+00
  0.6720938830587715E+00
  0.7168282819097134E+00
  0.7587894113941611E+00
  0.7978149320538106E+00
  0.8337538617306083E+00
  0.8664671596873901E+00
  0.8958282645294802E+00
  0.9217235838461456E+00
  0.9440529336775609E+00
  0.9627299261070870E+00
  0.9776823034793410E+00
  0.9888522179510262E+00
  0.9961964552929986E+00
  0.9996866020777263E+00
  0.9993091556053210E+00
