  0.3232945025460320E+00
  0.2638366411545885E+00
  0.2033584126388558E+00
  0.1420937049298254E+00
  0.8027946997699242E-01
  0.1815480230169912E-01
 -0.4403998975081302E-01
 -0.1060643166611578E+00
 -0.1676782408373551E+00
 -0.2286434066869930E+00
 -0.2887239641661922E+00
 -0.3476874823167592E+00
 -0.4053058493251165E+00
 -0.4613561556752692E+00
 -0.5156215570224632E+00
 -0.5678921134836722E+00
 -0.6179656021250848E+00
 -0.6656482995246097E+00
 -0.7107557313985270E+00
 -0.7531133864051021E+00
 -0.7925573913736149E+00
 -0.8289351453541669E+00
 -0.8621059100410836E+00
 -0.8919413542901297E+00
 -0.9183260506261927E+00
 -0.9411579218230268E+00
 -0.9603486358291247E+00
 -0.9758239475131582E+00
 -0.9875239859077837E+00
 -0.9954034858411982E+00
 -0.9994319630607829E+00
 -0.9995938321716453E+00
 -0.9958884669339951E+00
 -0.9883302026862223E+00
 -0.9769482808843994E+00
 -0.9617867359728379E+00
 -0.9429042250234011E+00
 -0.9203738008026968E+00
 -0.8942826291451130E+00
 -0.8647316517251379E+00
 -0.8318351955336269E+00
 -0.7957205305688833E+00
 -0.7565273774537623E+00
 -0.7144073668837211E+00
 -0.6695234529971175E+00
 -0.6220492829373060E+00
 -0.5721685250455745E+00
 -0.5200741582840106E+00
 -0.4659677256373886E+00
 -0.4100585543825154E+00
 -0.3525629462416590E+00
 -0.2937033405532068E+00
 -0.2337074536970773E+00
 -0.1728073981042854E+00
 -0.1112387842590365E+00
 -0.4923980916753583E-01
  0.1294966517995512E-01
  0.7508903978855980E-01
  0.1369379094895600E+00
  0.1982569930212892E+00
  0.2588090587618482E+00
  0.3183598425321666E+00
  0.3766789539186000E+00
  0.4335407676086843E+00
  0.4887252962916361E+00
  0.5420190417465245E+00
  0.5932158208254092E+00
  0.6421175631358909E+00
  0.6885350773369723E+00
  0.7322887830836100E+00
  0.7732094057881805E+00
  0.8111386315109738E+00
  0.8459297194460738E+00
  0.8774480696330260E+00
  0.9055717436979382E+00
  0.9301919366093606E+00
  0.9512133976238148E+00
  0.9685547987924146E+00
  0.9821490496029056E+00
  0.9919435565398168E+00
  0.9979004265585611E+00
  0.9999966136862602E+00
  0.9982240081821372E+00
  0.9925894679125288E+00
  0.9831147918191313E+00
  0.9698366355831327E+00
  0.9528063698114989E+00
  0.9320898812940801E+00
  0.9077673181004161E+00
  0.8799327795024270E+00
  0.8486939519226108E+00
  0.8141716923161951E+00
  0.7764995605990541E+00
  0.7358233029303417E+00
  0.6923002878489171E+00
  0.6460988974450348E+00
  0.5973978759227528E+00
  0.5463856380733321E+00
  0.4932595403350055E+00
  0.4382251172592674E+00
