 -0.1304233419027167E+00
 -0.1918097810327852E+00
 -0.2524541069168768E+00
 -0.3121217093667437E+00
 -0.3705817540085168E+00
 -0.4276080760816213E+00
 -0.4829800559941438E+00
 -0.5364834732869272E+00
 -0.5879113357339839E+00
 -0.6370646803963536E+00
 -0.6837533435496881E+00
 -0.7277966965220197E+00
 -0.7690243446066022E+00
 -0.8072767863549153E+00
 -0.8424060307060638E+00
 -0.8742761695702531E+00
 -0.9027639036550867E+00
 -0.9277590195033162E+00
 -0.9491648158986568E+00
 -0.9668984779916011E+00
 -0.9808913976989547E+00
 -0.9910894391383814E+00
 -0.9974531480716139E+00
 -0.9999579045464596E+00
 -0.9985940181473305E+00
 -0.9933667654859814E+00
 -0.9842963697875422E+00
 -0.9714179226508961E+00
 -0.9547812482861457E+00
 -0.9344507107544415E+00
 -0.9105049649559351E+00
 -0.8830366523292514E+00
 -0.8521520424397538E+00
 -0.8179706218432400E+00
 -0.7806246318156705E+00
 -0.7402585567373615E+00
 -0.6970285651109861E+00
 -0.6511019053759751E+00
 -0.6026562588568003E+00
 -0.5518790523484438E+00
 -0.4989667329985418E+00
 -0.4441240082915313E+00
 -0.3875630540751633E+00
 -0.3295026936933640E+00
 -0.2701675514012280E+00
 -0.2097871833374121E+00
 -0.1485951894160318E+00
 -0.8682830957397129E-01
 -0.2472550787006063E-01
  0.3747295202044403E-01
  0.9952643633934727E-01
  0.1611948722107753E+00
  0.2222396764364961E+00
  0.2824246785279615E+00
  0.3415170344040515E+00
  0.3992881272195863E+00
  0.4555144518394911E+00
  0.5099784795367395E+00
  0.5624694995687455E+00
  0.6127844343762883E+00
  0.6607286252511368E+00
  0.7061165854327804E+00
  0.7487727177206688E+00
  0.7885319938256667E+00
  0.8252405928324468E+00
  0.8587564963027287E+00
  0.8889500377170262E+00
  0.9157044041292225E+00
  0.9389160880931632E+00
  0.9584952881128611E+00
  0.9743662560670356E+00
  0.9864675902638798E+00
  0.9947524729922783E+00
  0.9991888516504355E+00
  0.9997595627511660E+00
  0.9964623983240907E+00
  0.9893101144578479E+00
  0.9783303819492619E+00
  0.9635656792504069E+00
  0.9450731281277277E+00
  0.9229242726690228E+00
  0.8972048024932654E+00
  0.8680142212341169E+00
  0.8354654615796977E+00
  0.7996844483579529E+00
  0.7608096113579622E+00
  0.7189913497719705E+00
  0.6743914503301401E+00
  0.6271824613791127E+00
  0.5775470253259823E+00
  0.5256771720303013E+00
  0.4717735758778619E+00
  0.4160447794104756E+00
  0.3587063865153994E+00
  0.2999802282957779E+00
  0.2400935048491951E+00
  0.1792779062746416E+00
  0.1177687163085287E+00
  0.5580390205761532E-01
 -0.6376806649490164E-02
