 -0.7648421959809647E+00
 -0.8034134631489906E+00
 -0.8388764793492585E+00
 -0.8710940451998722E+00
 -0.8999415172851147E+00
 -0.9253072903940264E+00
 -0.9470932293111249E+00
 -0.9652150484904147E+00
 -0.9796026381449977E+00
 -0.9902003354915669E+00
 -0.9969671401010088E+00
 -0.9998768725223858E+00
 -0.9989182755669044E+00
 -0.9940950578602255E+00
 -0.9854258794947414E+00
 -0.9729442798374202E+00
 -0.9566985477725616E+00
 -0.9367515348815052E+00
 -0.9131804122820744E+00
 -0.8860763720685122E+00
 -0.8555442745069820E+00
 -0.8217022423515670E+00
 -0.7846812038502816E+00
 -0.7446243862091133E+00
 -0.7016867614737895E+00
 -0.6560344469730376E+00
 -0.6078440626429138E+00
 -0.5573020477185805E+00
 -0.5046039394371239E+00
 -0.4499536165419731E+00
 -0.3935625105156447E+00
 -0.3356487875924143E+00
 -0.2764365047155359E+00
 -0.2161547427044571E+00
 -0.1550367199856298E+00
 -0.9331889031572702E-01
 -0.3124002798799177E-01
  0.3095969593911671E-01
  0.9303964281709082E-01
  0.1547596373915559E+00
  0.2158808969936736E+00
  0.2761669553438992E+00
  0.3353845773940776E+00
  0.3933046616685374E+00
  0.4497031266131926E+00
  0.5043617775235436E+00
  0.5570691506975990E+00
  0.6076213315478634E+00
  0.6558227435072558E+00
  0.7014869046768585E+00
  0.7444371492881547E+00
  0.7845073111885676E+00
  0.8215423667060219E+00
  0.8553990344054169E+00
  0.8859463294166638E+00
  0.9130660701897010E+00
  0.9366533357159538E+00
  0.9566168714473322E+00
  0.9728794423423511E+00
  0.9853781316735017E+00
  0.9940645844398469E+00
  0.9989051944431260E+00
  0.9998812343036080E+00
  0.9969889279126846E+00
  0.9902394650419027E+00
  0.9796589580519105E+00
  0.9652883408688065E+00
  0.9471832106187339E+00
  0.9254136125333970E+00
  0.9000637689586704E+00
  0.8712317535147008E+00
  0.8390291116681279E+00
  0.8035804291843375E+00
  0.7650228501293442E+00
  0.7235055462860396E+00
  0.6791891400375422E+00
  0.6322450829504039E+00
  0.5828549924618051E+00
  0.5312099492369706E+00
  0.4775097579152010E+00
  0.4219621741045358E+00
  0.3647821006156647E+00
  0.3061907560447047E+00
  0.2464148189214265E+00
  0.1856855507340552E+00
  0.1242379012235058E+00
  0.6230959940847037E-01
  0.1402338580352646E-03
 -0.6202967422995286E-01
 -0.1239596015586763E+00
 -0.1854099532702536E+00
 -0.2461429898916984E+00
 -0.3059237471027616E+00
 -0.3645209447672318E+00
 -0.4217078817108560E+00
 -0.4772633127841465E+00
 -0.5309723048168766E+00
 -0.5826270681527645E+00
 -0.6320277605472912E+00
 -0.6789832603185142E+00
