 -0.9210609975920281E+00
 -0.9434892912153420E+00
 -0.9622674080345025E+00
 -0.9773226991757320E+00
 -0.9885969186490909E+00
 -0.9960464486931839E+00
 -0.9996424685252150E+00
 -0.9993710658438361E+00
 -0.9952332906536111E+00
 -0.9872451512030174E+00
 -0.9754375520517735E+00
 -0.9598561745071573E+00
 -0.9405612998919310E+00
 -0.9176275763276178E+00
 -0.8911437299354183E+00
 -0.8612122215720848E+00
 -0.8279488504287675E+00
 -0.7914823060264397E+00
 -0.7519536703411407E+00
 -0.7095158719852187E+00
 -0.6643330945562406E+00
 -0.6165801414425450E+00
 -0.5664417595428980E+00
 -0.5141119245166257E+00
 -0.4597930903294754E+00
 -0.4036954059985509E+00
 -0.3460359025665901E+00
 -0.2870376534510220E+00
 -0.2269289114162508E+00
 -0.1659422255080532E+00
 -0.1043135413664953E+00
 -0.4228128839808969E-01
  0.1991454266126123E-01
  0.8203332822379843E-01
  0.1438347427758229E+00
  0.2050796886504194E+00
  0.2655312210498830E+00
  0.3249554647391090E+00
  0.3831225188634449E+00
  0.4398073463904322E+00
  0.4947906447343717E+00
  0.5478596941954209E+00
  0.5988091809307894E+00
  0.6474419912741123E+00
  0.6935699743299300E+00
  0.7370146698929546E+00
  0.7776079988759306E+00
  0.8151929135749756E+00
  0.8496240052566358E+00
  0.8807680667160251E+00
  0.9085046076296270E+00
  0.9327263207089465E+00
  0.9533394968515644E+00
  0.9702643876834472E+00
  0.9834355140899181E+00
  0.9928019195416271E+00
  0.9983273672354672E+00
  0.9999904802877235E+00
  0.9977848244370850E+00
  0.9917189329375518E+00
  0.9818162735449316E+00
  0.9681151577246528E+00
  0.9506685924321482E+00
  0.9295440750392381E+00
  0.9048233321999164E+00
  0.8766020036657989E+00
  0.8449892722745059E+00
  0.8101074415424737E+00
  0.7720914624964097E+00
  0.7310884115739853E+00
  0.6872569216136705E+00
  0.6407665681351032E+00
  0.5917972132843393E+00
  0.5405383099821587E+00
  0.4871881689675144E+00
  0.4319531915718101E+00
  0.3750470711922456E+00
  0.3166899665535797E+00
  0.2571076499567870E+00
  0.1965306338098925E+00
  0.1351932788202431E+00
  0.7333288729845652E-01
  0.1118878508188659E-01
 -0.5099860437054976E-01
 -0.1129886901300332E+00
 -0.1745416445973983E+00
 -0.2354193313495327E+00
 -0.2953862264429283E+00
 -0.3542103296100685E+00
 -0.4116640618233935E+00
 -0.4675251457543445E+00
 -0.5215774657211656E+00
 -0.5736119037984992E+00
 -0.6234271488540067E+00
 -0.6708304753820352E+00
 -0.7156384891211609E+00
 -0.7576778365709550E+00
 -0.7967858756629999E+00
 -0.8328113049914601E+00
 -0.8656147491688215E+00
