 -0.9950041655114897E+00
 -0.9992860337722413E+00
 -0.9997018584963013E+00
 -0.9962500309389709E+00
 -0.9889439055506187E+00
 -0.9778117483110564E+00
 -0.9628966273740253E+00
 -0.9442562464449038E+00
 -0.9219627215362886E+00
 -0.8961023019651505E+00
 -0.8667750366709832E+00
 -0.8340943871458862E+00
 -0.7981867884740963E+00
 -0.7591911601792067E+00
 -0.7172583687715174E+00
 -0.6725506440748186E+00
 -0.6252409515907160E+00
 -0.5755123233287096E+00
 -0.5235571496909039E+00
 -0.4695764351509179E+00
 -0.4137790206066266E+00
 -0.3563807754152947E+00
 -0.2976037622369739E+00
 -0.2376753779172054E+00
 -0.1768274737328040E+00
 -0.1152954584043074E+00
 -0.5331738734536993E-01
  0.8866958327387559E-02
  0.7101699946093618E-01
  0.1328922896198437E+00
  0.1942534453268248E+00
  0.2548630721909077E+00
  0.3144866833402176E+00
  0.3728936066061286E+00
  0.4298578769490733E+00
  0.4851591106733828E+00
  0.5385833580489928E+00
  0.5899239310413853E+00
  0.6389822029474415E+00
  0.6855683768435697E+00
  0.7295022198731307E+00
  0.7706137605323478E+00
  0.8087439462570341E+00
  0.8437452587660652E+00
  0.8754822847809506E+00
  0.9038322399135019E+00
  0.9286854436947760E+00
  0.9499457439075064E+00
  0.9675308885803482E+00
  0.9813728442047784E+00
  0.9914180589435232E+00
  0.9976276698122143E+00
  0.9999776530327241E+00
  0.9984589169764971E+00
  0.9930773373382943E+00
  0.9838537344042714E+00
  0.9708237925023371E+00
  0.9540379219464202E+00
  0.9335610640087578E+00
  0.9094724396747291E+00
  0.8818652431522543E+00
  0.8508462813215061E+00
  0.8165355605198401E+00
  0.7790658222605907E+00
  0.7385820296819434E+00
  0.6952408067127105E+00
  0.6492098321247831E+00
  0.6006671908165325E+00
  0.5498006848369389E+00
  0.4968071068159439E+00
  0.4418914786119968E+00
  0.3852662581223157E+00
  0.3271505173245512E+00
  0.2677690947298698E+00
  0.2073517255264292E+00
  0.1461321527785639E+00
  0.8434722312028188E-01
  0.2223597044164700E-01
 -0.3996130888690774E-01
 -0.1020039856745501E+00
 -0.1636520288576448E+00
 -0.2246669341333107E+00
 -0.2848126466862297E+00
 -0.3438564744388722E+00
 -0.4015699882919430E+00
 -0.4577299058721844E+00
 -0.5121189553685087E+00
 -0.5645267161144203E+00
 -0.6147504326647011E+00
 -0.6625957992168394E+00
 -0.7078777113424299E+00
 -0.7504209821202490E+00
 -0.7900610199004212E+00
 -0.8266444650775351E+00
 -0.8600297834091621E+00
 -0.8900878135843494E+00
 -0.9167022669236353E+00
 -0.9397701772773616E+00
 -0.9592022993817070E+00
 -0.9749234541312763E+00
