           BREAK
  0.9490317917750125E+00
  0.9274806306880684E+00
  0.9023558286779846E+00
  0.8737516605809303E+00
  0.8417764199857943E+00
  0.8065518996630781E+00
  0.7682128368924650E+00
  0.7269063230946161E+00
  0.6827911777213819E+00
  0.6360372868501906E+00
  0.5868249073682521E+00
  0.5353439380253070E+00
  0.4817931589842169E+00
  0.4263794418103037E+00
  0.3693169321163408E+00
  0.3108262073232310E+00
  0.2511334122090699E+00
  0.1904693751037093E+00
  0.1290687077438575E+00
  0.6716889193687461E-01
  0.5009356291101211E-02
 -0.5716945364191892E-01
 -0.1191270084014968E+00
 -0.1806236273699686E+00
 -0.2414214077575871E+00
 -0.3012851463259854E+00
 -0.3599832503648719E+00
 -0.4172886344623900E+00
 -0.4729795996515962E+00
 -0.5268406915731508E+00
 -0.5786635343669483E+00
 -0.6282476370923836E+00
 -0.6754011695776824E+00
 -0.7199417047125236E+00
 -0.7616969243244743E+00
 -0.8005052859178069E+00
 -0.8362166477024829E+00
 -0.8686928495007006E+00
 -0.8978082472877610E+00
 -0.9234501993023309E+00
 -0.9455195018477470E+00
 -0.9639307731000269E+00
 -0.9786127834389459E+00
 -0.9895087310250668E+00
 -0.9965764615572119E+00
 -0.9997886313606008E+00
 -0.9991328131750100E+00
 -0.9946115442338817E+00
 -0.9862423164485025E+00
 -0.9740575087353190E+00
 -0.9581042617482576E+00
 -0.9384442955007104E+00
 -0.9151536705828009E+00
 -0.8883224938977339E+00
 -0.8580545700556889E+00
 -0.8244669997739494E+00
 -0.7876897268369737E+00
 -0.7478650353691372E+00
 -0.7051469993650967E+00
 -0.6597008866074374E+00
 -0.6117025192777299E+00
 -0.5613375937346637E+00
 -0.5088009620909133E+00
 -0.4542958783681635E+00
 -0.3980332121467905E+00
 -0.3402306327524144E+00
 -0.2811117671355697E+00
 -0.2209053347024704E+00
 -0.1598442624440667E+00
 -0.9816478378676449E-01
 -0.3610552465118699E-01
  0.2609341974514581E-01
  0.8819141376958160E-01
  0.1499482123468416E+00
  0.2111248904205496E+00
  0.2714847673078610E+00
  0.3307943223710414E+00
  0.3888240984634510E+00
  0.4453495896546709E+00
  0.5001521098003293E+00
  0.5530196385963131E+00
  0.6037476418441380E+00
  0.6521398627540242E+00
  0.6980090812242916E+00
  0.7411778381595640E+00
  0.7814791220255318E+00
  0.8187570149841357E+00
  0.8528672961093896E+00
  0.8836779993501288E+00
  0.9110699240810238E+00
  0.9349370962666430E+00
  0.9551871784544079E+00
  0.9717418270102609E+00
  0.9845369952149646E+00
  0.9935231810484152E+00
  0.9986656187033441E+00
  0.9999444130874718E+00
  0.9973546167937528E+00
  0.9909062492409355E+00
  0.9806242579103766E+00
