 -0.2481752894904271E+00
 -0.3079199470315065E+00
 -0.3664733020792147E+00
 -0.4236088290083732E+00
 -0.4791054858345600E+00
 -0.5327485698210418E+00
 -0.5843305484517181E+00
 -0.6336518625803765E+00
 -0.6805216986687923E+00
 -0.7247587271414354E+00
 -0.7661918040121787E+00
 -0.8046606330777670E+00
 -0.8400163861231688E+00
 -0.8721222787447253E+00
 -0.9008540995673776E+00
 -0.9261006908115413E+00
 -0.9477643783526478E+00
 -0.9657613496111715E+00
 -0.9800219778123509E+00
 -0.9904910913619519E+00
 -0.9971281872965193E+00
 -0.9999075879827428E+00
 -0.9988185404599729E+00
 -0.9938652580417637E+00
 -0.9850669040156048E+00
 -0.9724575175040004E+00
 -0.9560858817737652E+00
 -0.9360153355030602E+00
 -0.9123235277363563E+00
 -0.8851021174753637E+00
 -0.8544564190681589E+00
 -0.8205049947684276E+00
 -0.7833791960411387E+00
 -0.7432226553892434E+00
 -0.7001907306674237E+00
 -0.6544499040327368E+00
 -0.6061771378574893E+00
 -0.5555591900961979E+00
 -0.5027918917553440E+00
 -0.4480793892612554E+00
 -0.3916333546572379E+00
 -0.3336721666855619E+00
 -0.2744200659225352E+00
 -0.2141062872352696E+00
 -0.1529641729165188E+00
 -0.9123026992867404E-01
 -0.2914341474952430E-01
  0.3305619063968229E-01
  0.9512790804903813E-01
  0.1568315940623839E+00
  0.2179285291055361E+00
  0.2781823410059429E+00
  0.3373599194706998E+00
  0.3952323179449875E+00
  0.4515756393618176E+00
  0.5061719023562862E+00
  0.5588098845931304E+00
  0.6092859399449078E+00
  0.6574047863593043E+00
  0.7029802613674562E+00
  0.7458360423103756E+00
  0.7858063284970671E+00
  0.8227364826551901E+00
  0.8564836291926247E+00
  0.8869172069553800E+00
  0.9139194743433386E+00
  0.9373859648296300E+00
  0.9572258911213327E+00
  0.9733624963978698E+00
  0.9857333512682386E+00
  0.9942905952981983E+00
  0.9990011221729868E+00
  0.9998467077792268E+00
  0.9968240807104772E+00
  0.9899449349236705E+00
  0.9792358844974629E+00
  0.9647383606675366E+00
  0.9465084515371973E+00
  0.9246166850833965E+00
  0.8991477562976922E+00
  0.8702001995177807E+00
  0.8378860072172818E+00
  0.8023301967286184E+00
  0.7636703265752448E+00
  0.7220559642844385E+00
  0.6776481077395982E+00
  0.6306185623107049E+00
  0.5811492761727265E+00
  0.5294316363834715E+00
  0.4756657284442433E+00
  0.4200595622079071E+00
  0.3628282671291797E+00
  0.3041932599705560E+00
  0.2443813881838758E+00
  0.1836240522815996E+00
  0.1221563105931742E+00
  0.6021596987002779E-01
 -0.1957334742556806E-02
 -0.6412306680726904E-01
 -0.1260407191835112E+00
