           BREAK
 -0.7518057380196301E+00
 -0.7913451490350303E+00
 -0.8278229989863218E+00
 -0.8610981623181971E+00
 -0.8910419039898317E+00
 -0.9175383775453946E+00
 -0.9404850733149165E+00
 -0.9597932150133170E+00
 -0.9753881032045786E+00
 -0.9872094043032235E+00
 -0.9952113839956857E+00
 -0.9993630841789980E+00
 -0.9996484427325830E+00
 -0.9960663556599979E+00
 -0.9886306813603645E+00
 -0.9773701870130646E+00
 -0.9623284372831763E+00
 -0.9435636257782786E+00
 -0.9211483499086924E+00
 -0.8951693300222053E+00
 -0.8657270738998901E+00
 -0.8329354879110222E+00
 -0.7969214363314653E+00
 -0.7578242505304313E+00
 -0.7157951899244833E+00
 -0.6709968567842374E+00
 -0.6236025671577655E+00
 -0.5737956803444760E+00
 -0.5217688895136054E+00
 -0.4677234762117815E+00
 -0.4118685316438175E+00
 -0.3544201477394658E+00
 -0.2956005811357166E+00
 -0.2356373933090483E+00
 -0.1747625701842820E+00
 -0.1132116246261074E+00
 -0.5122268528555914E-01
  0.1096442467347182E-01
  0.7310911540346990E-01
  0.1349709611686746E+00
  0.1963106305055479E+00
  0.2568908121497109E+00
  0.3164771331471229E+00
  0.3748390655975123E+00
  0.4317508185220360E+00
  0.4869922114047162E+00
  0.5403495260280782E+00
  0.5916163333074197E+00
  0.6405942919248369E+00
  0.6870939156732477E+00
  0.7309353065417217E+00
  0.7719488507059327E+00
  0.8099758747310958E+00
  0.8448692594486604E+00
  0.8764940091317949E+00
  0.9047277737676263E+00
  0.9294613224056725E+00
  0.9505989657511701E+00
  0.9680589263683651E+00
  0.9817736550615276E+00
  0.9916900922096642E+00
  0.9977698730438873E+00
  0.9999894760732516E+00
  0.9983403140848315E+00
  0.9928287673659830E+00
  0.9834761590202487E+00
  0.9703186724724129E+00
  0.9534072114818622E+00
  0.9328072032058270E+00
  0.9085983450744225E+00
  0.8808742964567716E+00
  0.8497423163111036E+00
  0.8153228482206788E+00
  0.7777490544209669E+00
  0.7371663006208229E+00
  0.6937315936108012E+00
  0.6476129738343853E+00
  0.5989888652721558E+00
  0.5480473851540698E+00
  0.4949856161704467E+00
  0.4400088439973241E+00
  0.3833297630860563E+00
  0.3251676537898034E+00
  0.2657475340104451E+00
  0.2052992886480265E+00
  0.1440567802207463E+00
  0.8225694409629773E-01
  0.2013887183496702E-01
 -0.4205711380917024E-01
 -0.1040903886502974E+00
 -0.1657209579990849E+00
 -0.2267103851555182E+00
 -0.2868227138741762E+00
 -0.3458253812330990E+00
 -0.4034901173745548E+00
 -0.4595938286367807E+00
 -0.5139194606600112E+00
 -0.5662568381276349E+00
 -0.6164034778936657E+00
 -0.6641653723506943E+00
