           BREAK
 -0.7384685677339259E+00
 -0.7789603073853483E+00
 -0.8164384004510334E+00
 -0.8507578516535095E+00
 -0.8817858858211518E+00
 -0.9094024615916725E+00
 -0.9335007358440346E+00
 -0.9539874770640123E+00
 -0.9707834260456424E+00
 -0.9838236025341532E+00
 -0.9930575566247946E+00
 -0.9984495639454900E+00
 -0.9999787638685650E+00
 -0.9976392402170838E+00
 -0.9914400441537404E+00
 -0.9814051591638472E+00
 -0.9675734082679807E+00
 -0.9499983038232921E+00
 -0.9287478404946066E+00
 -0.9039042321962745E+00
 -0.8755635940225064E+00
 -0.8438355703967434E+00
 -0.8088429108786825E+00
 -0.7707209952700729E+00
 -0.7296173098565661E+00
 -0.6856908768119291E+00
 -0.6391116389721453E+00
 -0.5900598023595978E+00
 -0.5387251390009783E+00
 -0.4853062527361811E+00
 -0.4300098108586277E+00
 -0.3730497445596595E+00
 -0.3146464212703153E+00
 -0.2550257921025533E+00
 -0.1944185176882910E+00
 -0.1330590757982330E+00
 -0.7118485419292514E-01
 -0.9035232215626571E-02
  0.5314934531986571E-01
  0.1151282983634897E+00
  0.1766618423863970E+00
  0.2375119160607124E+00
  0.2974431022725615E+00
  0.3562235389051537E+00
  0.4136258158682675E+00
  0.4694278549037119E+00
  0.5234137687629622E+00
  0.5753746964329893E+00
  0.6251096111789419E+00
  0.6724260982775285E+00
  0.7171410994322064E+00
  0.7590816209901662E+00
  0.7980854032211679E+00
  0.8340015480689147E+00
  0.8666911029463192E+00
  0.8960275983160694E+00
  0.9218975369766983E+00
  0.9442008331612075E+00
  0.9628511997494578E+00
  0.9777764820962735E+00
  0.9889189371837467E+00
  0.9962354570177576E+00
  0.9996977354044274E+00
  0.9992923774612853E+00
  0.9950209514394660E+00
  0.9868999826564495E+00
  0.9749608895628202E+00
  0.9592498621903834E+00
  0.9398276834519058E+00
  0.9167694939838358E+00
  0.8901645014417746E+00
  0.8601156353733920E+00
  0.8267391490039958E+00
  0.7901641694753943E+00
  0.7505321982780655E+00
  0.7079965638093783E+00
  0.6627218281758139E+00
  0.6148831505341442E+00
  0.5646656094346770E+00
  0.5122634867883067E+00
  0.4578795162275405E+00
  0.4017240987694549E+00
  0.3440144888150412E+00
  0.2849739536341310E+00
  0.2248309095876985E+00
  0.1638180384293420E+00
  0.1021713871047721E+00
  0.4012945453204331E-01
 -0.2206773110443255E-01
 -0.8417954097630176E-01
 -0.1459656765574572E+00
 -0.2071870992923530E+00
 -0.2676069553897444E+00
 -0.3269914921639853E+00
 -0.3851109623787614E+00
 -0.4417405130945193E+00
 -0.4966610555808020E+00
 -0.5496601129279874E+00
 -0.6005326420791790E+00
 -0.6490818271019516E+00
