 -0.9427546681630973E+00
 -0.9616637719898777E+00
 -0.9768523854889943E+00
 -0.9882617468723536E+00
 -0.9958477155408497E+00
 -0.9995809428572017E+00
 -0.9994469856909811E+00
 -0.9954463622967695E+00
 -0.9875945503093932E+00
 -0.9759219268640997E+00
 -0.9604736510733851E+00
 -0.9413094893151805E+00
 -0.9185035840083590E+00
 -0.8921441667701141E+00
 -0.8623332170649733E+00
 -0.8291860676660602E+00
 -0.7928309584549953E+00
 -0.7534085402867127E+00
 -0.7110713308386208E+00
 -0.6659831245493432E+00
 -0.6183183589298528E+00
 -0.5682614396986299E+00
 -0.5160060273517643E+00
 -0.4617542879281132E+00
 -0.4057161108681753E+00
 -0.3481082969926167E+00
 -0.2891537197420147E+00
 -0.2290804629228125E+00
 -0.1681209382953804E+00
 -0.1065109864180668E+00
 -0.4448896422589197E-01
  0.1770517712612671E-01
  0.7983082058737984E-01
  0.1416476141122904E+00
  0.2029164005356855E+00
  0.2634001428254074E+00
  0.3228648411325435E+00
  0.3810804380913834E+00
  0.4378217088666735E+00
  0.4928691325047503E+00
  0.5460097412174664E+00
  0.5970379443131882E+00
  0.6457563235872452E+00
  0.6919763970946076E+00
  0.7355193483499203E+00
  0.7762167181337427E+00
  0.8139110562285454E+00
  0.8484565305630133E+00
  0.8797194914079984E+00
  0.9075789884413591E+00
  0.9319272386812596E+00
  0.9526700434775874E+00
  0.9697271529482320E+00
  0.9830325764502875E+00
  0.9925348378850319E+00
  0.9981971748489511E+00
  0.9999976808603379E+00
  0.9979293901112134E+00
  0.9920003044166856E+00
  0.9822333622574789E+00
  0.9686663500354119E+00
  0.9513517558851464E+00
  0.9303565666077929E+00
  0.9057620085119890E+00
  0.8776632331650922E+00
  0.8461689492702488E+00
  0.8114010020935429E+00
  0.7734939020683288E+00
  0.7325943044004981E+00
  0.6888604416879789E+00
  0.6424615117495485E+00
  0.5935770230313512E+00
  0.5423961001235836E+00
  0.4891167520742024E+00
  0.4339451063303826E+00
  0.3770946112714655E+00
  0.3187852104186493E+00
  0.2592424915162310E+00
  0.1986968137764461E+00
  0.1373824166644327E+00
  0.7553651367124212E-01
  0.1339837458092382E-01
 -0.4879160021778350E-01
 -0.1107928097938541E+00
 -0.1723653835122416E+00
 -0.2332711090467587E+00
 -0.2932743539772987E+00
 -0.3521429774058857E+00
 -0.4096492280647156E+00
 -0.4655706254415678E+00
 -0.5196908205136828E+00
 -0.5718004327601025E+00
 -0.6216978602142353E+00
 -0.6691900594226934E+00
 -0.7140932922929143E+00
 -0.7562338369401518E+00
 -0.7954486597836911E+00
 -0.8315860462921039E+00
 -0.8645061879372991E+00
 -0.8940817230865530E+00
