           BREAK
  0.9713665586299092E+00
  0.9545261647926905E+00
  0.9340122788697779E+00
  0.9099004386485274E+00
  0.8822808192491555E+00
  0.8512577568256724E+00
  0.8169492388393862E+00
  0.7794863595107070E+00
  0.7390127396864903E+00
  0.6956839109263276E+00
  0.6496666641184750E+00
  0.6011383633902055E+00
  0.5502862264834733E+00
  0.4973065731290213E+00
  0.4424040432745032E+00
  0.3857907873080880E+00
  0.3276856306712381E+00
  0.2683132154755307E+00
  0.2079031219306732E+00
  0.1466889725561936E+00
  0.8490752228934036E-01
  0.2279773771797971E-01
 -0.3940013123897118E-01
 -0.1014454838086890E+00
 -0.1630983015522228E+00
 -0.2241200787834165E+00
 -0.2842747467254856E+00
 -0.3433295879156319E+00
 -0.4010561373890718E+00
 -0.4572310672112880E+00
 -0.5116370509805704E+00
 -0.5640636049912898E+00
 -0.6143079028313200E+00
 -0.6621755602838478E+00
 -0.7074813875139704E+00
 -0.7500501056432387E+00
 -0.7897170249500791E+00
 -0.8263286820801077E+00
 -0.8597434338070693E+00
 -0.8898320050517702E+00
 -0.9164779890422192E+00
 -0.9395782976824654E+00
 -0.9590435603896059E+00
 -0.9747984698572912E+00
 -0.9867820734090048E+00
 -0.9949480088146319E+00
 -0.9992646836584624E+00
 -0.9997153975650402E+00
 -0.9962984068101985E+00
 -0.9890269310674865E+00
 -0.9779291022639696E+00
 -0.9630478557433378E+00
 -0.9444407641574335E+00
 -0.9221798147288512E+00
 -0.8963511307463593E+00
 -0.8670546383706218E+00
 -0.8344036800392962E+00
 -0.7985245759671588E+00
 -0.7595561354377321E+00
 -0.7176491197771327E+00
 -0.6729656590877936E+00
 -0.6256786249985893E+00
 -0.5759709618580919E+00
 -0.5240349789584228E+00
 -0.4700716065279648E+00
 -0.4142896183713383E+00
 -0.3569048241641136E+00
 -0.2981392345270945E+00
 -0.2382202021103624E+00
 -0.1773795420100361E+00
 -0.1158526349206980E+00
 -0.5387751649321919E-01
  0.8306043578939071E-02
  0.7045746918208250E-01
  0.1323363085245349E+00
  0.1937031643979102E+00
  0.2543206203584000E+00
  0.3139541592448752E+00
  0.3723730704802252E+00
  0.4293513426457570E+00
  0.4846685378754695E+00
  0.5381106446873362E+00
  0.5894709059521488E+00
  0.6385506187966867E+00
  0.6851599033465344E+00
  0.7291184373344211E+00
  0.7702561537320501E+00
  0.8084138987063875E+00
  0.8434440473549255E+00
  0.8752110748377520E+00
  0.9035920806968274E+00
  0.9284772643339799E+00
  0.9497703498080929E+00
  0.9673889583080156E+00
  0.9812649268601764E+00
  0.9913445720378947E+00
  0.9975888976521209E+00
  0.9999737456201208E+00
  0.9984898894284038E+00
  0.9931430698283117E+00
