 -0.9286646388348045E+00
 -0.9499282179145416E+00
 -0.9675167092383148E+00
 -0.9813620663601991E+00
 -0.9914107242886961E+00
 -0.9976238067212450E+00
 -0.9999772764502808E+00
 -0.9984620283592232E+00
 -0.9930839246487997E+00
 -0.9838637721575391E+00
 -0.9708372418642622E+00
 -0.9540547308840368E+00
 -0.9335811674915477E+00
 -0.9094957599262179E+00
 -0.8818916899509142E+00
 -0.8508757523498102E+00
 -0.8165679417601064E+00
 -0.7791009884360949E+00
 -0.7386198447415848E+00
 -0.6952811243573714E+00
 -0.6492524963733287E+00
 -0.6007120366092729E+00
 -0.5498475386742134E+00
 -0.4968557874293569E+00
 -0.4419417976657122E+00
 -0.3853180209416890E+00
 -0.3272035236492918E+00
 -0.2678231394888052E+00
 -0.2074065996308859E+00
 -0.1461876439312930E+00
 -0.8440311663679329E-01
 -0.2229205008078241E-01
  0.3990526008637728E-01
  0.1019481845545461E+00
  0.1635966913018617E+00
  0.2246122742320004E+00
  0.2847588759079315E+00
  0.3438038008122815E+00
  0.4015186156010871E+00
  0.4576800328680247E+00
  0.5120707750000090E+00
  0.5644804147820667E+00
  0.6147061894993557E+00
  0.6625537853867137E+00
  0.7078380893908713E+00
  0.7503839053368913E+00
  0.7900266317281338E+00
  0.8266128985574740E+00
  0.8600011606660597E+00
  0.8900622453540367E+00
  0.9166798521246298E+00
  0.9397510026281710E+00
  0.9591864390653301E+00
  0.9749109695081984E+00
  0.9868637588032524E+00
  0.9949985639307444E+00
  0.9992839129099615E+00
  0.9997032265582063E+00
  0.9962548826324318E+00
  0.9889522221053870E+00
  0.9778234975519835E+00
  0.9629117638455736E+00
  0.9442747115870067E+00
  0.9219844439109034E+00
  0.8961271975326357E+00
  0.8668030091152265E+00
  0.8341253282469343E+00
  0.7982205785268383E+00
  0.7592276684564899E+00
  0.7172974540299087E+00
  0.6725921551010443E+00
  0.6252847277866818E+00
  0.5755581953328173E+00
  0.5236049400332814E+00
  0.4696259589400166E+00
  0.4138300862445266E+00
  0.3564331853389636E+00
  0.2976573136825983E+00
  0.2377298637046438E+00
  0.1768826830671293E+00
  0.1153511776913314E+00
  0.5337340101799504E-01
 -0.8810866975179108E-02
 -0.7096104743568719E-01
 -0.1328366933890711E+00
 -0.1941984199815435E+00
 -0.2548088306134905E+00
 -0.3144334353807900E+00
 -0.3728415582707014E+00
 -0.4298072296025455E+00
 -0.4851100602605000E+00
 -0.5385360943362720E+00
 -0.5898786368829497E+00
 -0.6389390535775903E+00
 -0.6855275391988299E+00
 -0.7294638519464175E+00
 -0.7705780107617175E+00
 -0.8087109529514054E+00
 -0.8437151495701308E+00
 -0.8754551761813417E+00
