 -0.3809247724043295E+00
 -0.4376703569630088E+00
 -0.4927226709621486E+00
 -0.5458687304902387E+00
 -0.5969029257400604E+00
 -0.6456278167017202E+00
 -0.6918548971888211E+00
 -0.7354053242563572E+00
 -0.7761106101995561E+00
 -0.8138132744650768E+00
 -0.8483674529590078E+00
 -0.8796394623993876E+00
 -0.9075083175335977E+00
 -0.9318661992224349E+00
 -0.9526188715820003E+00
 -0.9696860465710733E+00
 -0.9830016946145443E+00
 -0.9925143000619637E+00
 -0.9981870604934174E+00
 -0.9999980291020545E+00
 -0.9979401996026672E+00
 -0.9920215333380146E+00
 -0.9822649284781220E+00
 -0.9687081314318041E+00
 -0.9514035908131837E+00
 -0.9304182545282039E+00
 -0.9058333107661874E+00
 -0.8777438738985051E+00
 -0.8462586164995443E+00
 -0.8114993489136320E+00
 -0.7736005479944720E+00
 -0.7327088368403278E+00
 -0.6889824175377348E+00
 -0.6425904591083655E+00
 -0.5937124430269458E+00
 -0.5425374688423011E+00
 -0.4892635225879329E+00
 -0.4340967108125195E+00
 -0.3772504631937201E+00
 -0.3189447068202117E+00
 -0.2594050153365088E+00
 -0.1988617362423523E+00
 -0.1375490997229865E+00
 -0.7570431245806994E-01
 -0.1356663991511757E-01
  0.4862351932211413E-01
  0.1106255636090432E+00
  0.1721996190812871E+00
  0.2331074676800427E+00
  0.2931134687714770E+00
  0.3519854707945648E+00
  0.4094957094103763E+00
  0.4654216886780597E+00
  0.5195470418484096E+00
  0.5716623684447911E+00
  0.6215660443928994E+00
  0.6690650020651393E+00
  0.7139754772217652E+00
  0.7561237199590284E+00
  0.7953466669138002E+00
  0.8314925721240437E+00
  0.8644215941044638E+00
  0.8940063368660475E+00
  0.9201323427863952E+00
  0.9426985354240263E+00
  0.9616176105634968E+00
  0.9768163739784466E+00
  0.9882360246058450E+00
  0.9958323820358774E+00
  0.9995760574373691E+00
  0.9994525672574656E+00
  0.9954623892556830E+00
  0.9876209606555494E+00
  0.9759586184209863E+00
  0.9605204818884900E+00
  0.9413662782091804E+00
  0.9185701112760606E+00
  0.8922201750304476E+00
  0.8624184122567474E+00
  0.8292801201856269E+00
  0.7929335044314268E+00
  0.7535191829895446E+00
  0.7111896422127282E+00
  0.6661086468710040E+00
  0.6184506065775888E+00
  0.5683999010319855E+00
  0.5161501666907388E+00
  0.4619035476256066E+00
  0.4058699134674146E+00
  0.3482660474612240E+00
  0.2893148077740715E+00
  0.2292442653000174E+00
  0.1682868212981562E+00
  0.1066783082773007E+00
  0.4465707760581769E-01
 -0.1753692262351787E-01
 -0.7966307590607166E-01
 -0.1414810282238656E+00
 -0.2027516179285849E+00
 -0.2632378010115258E+00
