 -0.3623576920967631E+00
 -0.4196013079281765E+00
 -0.4752215577186308E+00
 -0.5290032606490580E+00
 -0.5807383479680195E+00
 -0.6302266682207724E+00
 -0.6772767617828688E+00
 -0.7217066017174485E+00
 -0.7633442981021565E+00
 -0.8020287631101697E+00
 -0.8376103342794208E+00
 -0.8699513535641977E+00
 -0.8989266999329686E+00
 -0.9244242734550127E+00
 -0.9463454290052942E+00
 -0.9646053579113303E+00
 -0.9791334160667616E+00
 -0.9898733972430831E+00
 -0.9967837505427656E+00
 -0.9998377411529189E+00
 -0.9990235537778646E+00
 -0.9943443383506612E+00
 -0.9858181978468611E+00
 -0.9734781182477334E+00
 -0.9573718409239675E+00
 -0.9375616779335998E+00
 -0.9141242709487734E+00
 -0.8871502947439944E+00
 -0.8567441063930440E+00
 -0.8230233415317301E+00
 -0.7861184592484632E+00
 -0.7461722373633899E+00
 -0.7033392200487413E+00
 -0.6577851199274576E+00
 -0.6096861769632390E+00
 -0.5592284766223679E+00
 -0.5066072299451871E+00
 -0.4520260183125094E+00
 -0.3956960058288038E+00
 -0.3378351223692977E+00
 -0.2786672204516252E+00
 -0.2184212091939238E+00
 -0.1573301687099269E+00
 -0.9563044836728160E-01
 -0.3356075239776230E-01
  0.2863878360303147E-01
  0.9072752171364121E-01
  0.1524652526681222E+00
  0.2136131251790278E+00
  0.2739345700066375E+00
  0.3331962151993910E+00
  0.3911687889646303E+00
  0.4476280066766269E+00
  0.5023554385902251E+00
  0.5551393549030961E+00
  0.6057755448972076E+00
  0.6540681069904237E+00
  0.6998302066416648E+00
  0.7428847991774561E+00
  0.7830653147433717E+00
  0.8202163027304421E+00
  0.8541940331833643E+00
  0.8848670528637742E+00
  0.9121166938172894E+00
  0.9358375324767725E+00
  0.9559377975256298E+00
  0.9723397249432090E+00
  0.9849798588586878E+00
  0.9938092970495104E+00
  0.9987938801345859E+00
  0.9999143237302992E+00
  0.9971662930580444E+00
  0.9905604197146390E+00
  0.9801222605407452E+00
  0.9658921987464162E+00
  0.9479252876762985E+00
  0.9262910378189424E+00
  0.9010731478842219E+00
  0.8723691809892847E+00
  0.8402901872058087E+00
  0.8049602739288476E+00
  0.7665161257294245E+00
  0.7251064755484872E+00
  0.6808915292780500E+00
  0.6340423459557177E+00
  0.5847401759705069E+00
  0.5331757598402946E+00
  0.4795485902738159E+00
  0.4240661403721242E+00
  0.3669430609554687E+00
  0.3084003501209731E+00
  0.2486644982439304E+00
  0.1879666117305344E+00
  0.1265415189120989E+00
  0.6462686153986003E-01
  0.2462175395201691E-02
 -0.5971203642774064E-01
 -0.1216552339818325E+00
 -0.1831277710692704E+00
 -0.2438918223861589E+00
