           BREAK
 -0.4535960995348373E+00
 -0.5081247156089386E+00
 -0.5606874903302878E+00
 -0.6110810703165986E+00
 -0.6591104938370551E+00
 -0.7045899452362924E+00
 -0.7473434739324543E+00
 -0.7872056752180463E+00
 -0.8240223302376836E+00
 -0.8576510026728631E+00
 -0.8879615898299015E+00
 -0.9148368260024514E+00
 -0.9381727361637435E+00
 -0.9578790382352003E+00
 -0.9738794923765142E+00
 -0.9861121959468364E+00
 -0.9945298229966479E+00
 -0.9990998073642630E+00
 -0.9998044686689366E+00
 -0.9966410807133788E+00
 -0.9896218820311847E+00
 -0.9787740285384862E+00
 -0.9641394884730595E+00
 -0.9457748800273976E+00
 -0.9237512523039320E+00
 -0.8981538104398568E+00
 -0.8690815859650035E+00
 -0.8366470536680894E+00
 -0.8009756964536067E+00
 -0.7622055198728448E+00
 -0.7204865182072202E+00
 -0.6759800941695429E+00
 -0.6288584344682752E+00
 -0.5793038436506085E+00
 -0.5275080388015847E+00
 -0.4736714078279400E+00
 -0.4180022341962212E+00
 -0.3607158911245160E+00
 -0.3020340083453126E+00
 -0.2421836146631203E+00
 -0.1813962596241277E+00
 -0.1199071176959913E+00
 -0.5795407842350876E-01
  0.4223173919818283E-02
  0.6638408762367402E-01
  0.1282881741887649E+00
  0.1896959387301029E+00
  0.2503698065361919E+00
  0.3100750421994322E+00
  0.3685806577618096E+00
  0.4256603063624346E+00
  0.4810931579295745E+00
  0.5346647535292999E+00
  0.5861678350654373E+00
  0.6354031471208841E+00
  0.6821802078381017E+00
  0.7263180458564249E+00
  0.7676459004550940E+00
  0.8060038821933134E+00
  0.8412435914914359E+00
  0.8732286927601058E+00
  0.9018354418561708E+00
  0.9269531648247311E+00
  0.9484846860751704E+00
  0.9663467043346393E+00
  0.9804701149244948E+00
  0.9908002771128798E+00
  0.9972972255090991E+00
  0.9999358246819514E+00
  0.9987058664038301E+00
  0.9936121091443727E+00
  0.9846742596608660E+00
  0.9719268967566317E+00
  0.9554193375023512E+00
  0.9352154464379039E+00
  0.9113933884928642E+00
  0.8840453265815776E+00
  0.8532770650427481E+00
  0.8192076403030054E+00
  0.7819688603480958E+00
  0.7417047947833922E+00
  0.6985712174565766E+00
  0.6527350037988872E+00
  0.6043734852164946E+00
  0.5536737630297351E+00
  0.5008319846144597E+00
  0.4460525845459307E+00
  0.3895474936811751E+00
  0.3315353192396636E+00
  0.2722404990544485E+00
  0.2118924332657882E+00
  0.1507245968165724E+00
  0.8897363618311636E-01
  0.2687845383592667E-01
 -0.3532071602755048E-01
 -0.9738323690237444E-01
 -0.1590690009519914E+00
 -0.2201393579388123E+00
 -0.2803580385156245E+00
 -0.3394920683057880E+00
