           BREAK
 -0.8364626567906976E+00
 -0.8689150500680818E+00
 -0.8980057796839873E+00
 -0.9236222993132467E+00
 -0.9456655036520285E+00
 -0.9640501118451640E+00
 -0.9787049974265762E+00
 -0.9895734634972191E+00
 -0.9966134620765419E+00
 -0.9997977567792943E+00
 -0.9991140281885985E+00
 -0.9945649215178289E+00
 -0.9861680363770395E+00
 -0.9739558586836127E+00
 -0.9579756349806100E+00
 -0.9382891896490981E+00
 -0.9149726857216312E+00
 -0.8881163302222751E+00
 -0.8578240251731509E+00
 -0.8242129656176961E+00
 -0.7874131862158040E+00
 -0.7475670581649918E+00
 -0.7048287383938916E+00
 -0.6593635731590429E+00
 -0.6113474583523484E+00
 -0.5609661589940388E+00
 -0.5084145905438988E+00
 -0.4538960648112161E+00
 -0.3976215033808908E+00
 -0.3398086215987970E+00
 -0.2806810862734037E+00
 -0.2204676503523454E+00
 -0.1594012679217056E+00
 -0.9771819295191402E-01
 -0.3565706527703028E-01
  0.2654201265641229E-01
  0.8863840469912972E-01
  0.1503918719736008E+00
  0.2115635023116135E+00
  0.2719166345590299E+00
  0.3312177741718184E+00
  0.3892374965610826E+00
  0.4457513346922258E+00
  0.5005406475043030E+00
  0.5533934657898096E+00
  0.6041053122623684E+00
  0.6524799926396229E+00
  0.6983303546808083E+00
  0.7414790122424083E+00
  0.7817590315506852E+00
  0.8190145770360222E+00
  0.8531015142304667E+00
  0.8838879673959864E+00
  0.9112548297260830E+00
  0.9350962241468843E+00
  0.9553199129349759E+00
  0.9718476545672362E+00
  0.9846155064220877E+00
  0.9935740721610783E+00
  0.9986886928337184E+00
  0.9999395809662295E+00
  0.9973218971154326E+00
  0.9908457685916168E+00
  0.9805362502779411E+00
  0.9664332276979609E+00
  0.9485912627062831E+00
  0.9270793823993535E+00
  0.9019808120630263E+00
  0.8733926531901050E+00
  0.8414255078135270E+00
  0.8062030506085867E+00
  0.7678615504196433E+00
  0.7265493430624304E+00
  0.6824262574416069E+00
  0.6356629972037725E+00
  0.5864404803182189E+00
  0.5349491391404567E+00
  0.4813881836664256E+00
  0.4259648308277166E+00
  0.3688935028095247E+00
  0.3103949974928679E+00
  0.2506956342304741E+00
  0.1900263782611792E+00
  0.1286219471502844E+00
  0.6671990271288902E-01
  0.4559731933387060E-02
 -0.5761807956315949E-01
 -0.1195729779031783E+00
 -0.1810652716207962E+00
 -0.2418570589775558E+00
 -0.3017131483580240E+00
 -0.3604019681804598E+00
 -0.4176964628022845E+00
 -0.4733749709542451E+00
 -0.5272220833048064E+00
 -0.5790294758370129E+00
 -0.6285967158136326E+00
 -0.6757320372124841E+00
 -0.7202530826319231E+00
 -0.7619876087962012E+00
