           BREAK
 -0.3993394865670992E+00
 -0.4555643427797856E+00
 -0.5100267010838510E+00
 -0.5625158596975934E+00
 -0.6128287500226874E+00
 -0.6607707224848314E+00
 -0.7061562997483791E+00
 -0.7488098944042321E+00
 -0.7885664883647023E+00
 -0.8252722713448006E+00
 -0.8587852359658130E+00
 -0.8889757271833858E+00
 -0.9157269439178986E+00
 -0.9389353909489651E+00
 -0.9585112793276410E+00
 -0.9743788737585789E+00
 -0.9864767856091701E+00
 -0.9947582104127787E+00
 -0.9991911089476955E+00
 -0.9997583311916033E+00
 -0.9964576826722247E+00
 -0.9893019329576050E+00
 -0.9783187662532913E+00
 -0.9635506742975877E+00
 -0.9450547919693064E+00
 -0.9229026762440283E+00
 -0.8971800293540665E+00
 -0.8679863672231740E+00
 -0.8354346344587672E+00
 -0.7996507673911801E+00
 -0.7607732068504657E+00
 -0.7189523625657209E+00
 -0.6743500312590639E+00
 -0.6271387706855494E+00
 -0.5775012320407368E+00
 -0.5256294533186981E+00
 -0.4717241163543242E+00
 -0.4159937704242923E+00
 -0.3586540254104290E+00
 -0.2999267176469632E+00
 -0.2400390516788425E+00
 -0.1792227212514888E+00
 -0.1177130129327090E+00
 -0.5574789583466911E-01
  0.6432899042367864E-02
  0.6858880628271201E-01
  0.1304793567561032E+00
  0.1918651079460638E+00
  0.2525085703064777E+00
  0.3121751260625062E+00
  0.3706339369011835E+00
  0.4276588370400032E+00
  0.4830292082183951E+00
  0.5365308332269151E+00
  0.5879567246720164E+00
  0.6371079257700609E+00
  0.6837942800724661E+00
  0.7278351671440625E+00
  0.7690602013484699E+00
  0.8073098910370241E+00
  0.8424362555909791E+00
  0.8743033979297764E+00
  0.9027880302704469E+00
  0.9277799511040944E+00
  0.9491824715441241E+00
  0.9669127893967601E+00
  0.9809023095066490E+00
  0.9910969091381913E+00
  0.9974571473658870E+00
  0.9999584176636200E+00
  0.9985910431025212E+00
  0.9933603137891339E+00
  0.9842864663990104E+00
  0.9714046058849545E+00
  0.9547645696627709E+00
  0.9344307347999915E+00
  0.9104817689535033E+00
  0.8830103260196682E+00
  0.8521226876743974E+00
  0.8179383521899937E+00
  0.7805895721195525E+00
  0.7402208426375220E+00
  0.6969883425159484E+00
  0.6510593298991472E+00
  0.6026114952144305E+00
  0.5518322737223701E+00
  0.4989181203661805E+00
  0.4440737497257142E+00
  0.3875113440165187E+00
  0.3294497321980618E+00
  0.2701135433670040E+00
  0.2097323377108599E+00
  0.1485397183842238E+00
  0.8677242774355351E-01
  0.2466943143698100E-01
 -0.3752900610736060E-01
 -0.9958225121772753E-01
 -0.1612502319436962E+00
 -0.2222943668479061E+00
 -0.2824784880312834E+00
