 -0.9758974504551774E+00
 -0.9875769278623755E+00
 -0.9954356619862381E+00
 -0.9994432489130235E+00
 -0.9995841840683196E+00
 -0.9958579222017416E+00
 -0.9882788794966760E+00
 -0.9768763777970108E+00
 -0.9616945311666830E+00
 -0.9427920752209625E+00
 -0.9202421398897733E+00
 -0.8941319664921997E+00
 -0.8645625702167699E+00
 -0.8316483493133122E+00
 -0.7955166425083515E+00
 -0.7563072363563101E+00
 -0.7141718244324883E+00
 -0.6692734204600903E+00
 -0.6217857276417970E+00
 -0.5718924666358209E+00
 -0.5197866647763714E+00
 -0.4656699092883944E+00
 -0.4097515673857645E+00
 -0.3522479762702041E+00
 -0.2933816061646791E+00
 -0.2333801996193240E+00
 -0.1724758904197582E+00
 -0.1109043055065659E+00
 -0.4890365338043674E-01
  0.1328619748024581E-01
  0.7542464662395017E-01
  0.1372712924624010E+00
  0.1985868623376241E+00
  0.2591341382213753E+00
  0.3186788744656096E+00
  0.3769907040533857E+00
  0.4338440298441032E+00
  0.4890188973650136E+00
  0.5423018457723447E+00
  0.5934867336898372E+00
  0.6423755367296817E+00
  0.6887791136104079E+00
  0.7325179379077574E+00
  0.7734227926075417E+00
  0.8113354247733993E+00
  0.8461091577966616E+00
  0.8776094588596559E+00
  0.9057144594170458E+00
  0.9303154266815536E+00
  0.9513171842899930E+00
  0.9686384805221302E+00
  0.9822123026478020E+00
  0.9919861361861517E+00
  0.9979221680739550E+00
  0.9999974329570128E+00
  0.9982039020386498E+00
  0.9925485141415642E+00
  0.9830531488628740E+00
  0.9697545419262044E+00
  0.9527041430583109E+00
  0.9319679169400809E+00
  0.9076260880019976E+00
  0.8797728300514036E+00
  0.8485159019323354E+00
  0.8139762306274911E+00
  0.7762874434152232E+00
  0.7355953508915615E+00
  0.6920573828573406E+00
  0.6458419792528867E+00
  0.5971279384966087E+00
  0.5461037257486515E+00
  0.4929667437758087E+00
  0.4379225692385594E+00
  0.3811841573549117E+00
  0.3229710180180334E+00
  0.2635083665551148E+00
  0.2030262524130248E+00
  0.1417586691416898E+00
  0.7994264911850373E-01
  0.1781734651611263E-01
 -0.4437688793862222E-01
 -0.1063994368348965E+00
 -0.1680103469799769E+00
 -0.2289712577314894E+00
 -0.2890463231684436E+00
 -0.3480031245332759E+00
 -0.4056135694148794E+00
 -0.4616547741938243E+00
 -0.5159099263357874E+00
 -0.5681691231971275E+00
 -0.6182301840974349E+00
 -0.6658994325173063E+00
 -0.7109924453951790E+00
 -0.7533347666243216E+00
 -0.7927625819896228E+00
 -0.8291233529329670E+00
 -0.8622764066952801E+00
 -0.8920934805521029E+00
 -0.9184592180371617E+00
 -0.9412716152341204E+00
