  0.9424981786718785E+00
  0.9197887104674995E+00
  0.8935343507421677E+00
  0.8638339358312104E+00
  0.8308001575520733E+00
  0.7945590324492202E+00
  0.7552493356830242E+00
  0.7130219991511735E+00
  0.6680394739607822E+00
  0.6204750578437602E+00
  0.5705121885323619E+00
  0.5183437044907772E+00
  0.4641710747363510E+00
  0.4082035997837950E+00
  0.3506575860109239E+00
  0.2917554959775415E+00
  0.2317250774324428E+00
  0.1707984739192305E+00
  0.1092113200414117E+00
  0.4720182457268772E-01
 -0.1499015529922509E-01
 -0.7712404522626926E-01
 -0.1389594870223370E+00
 -0.2002572705852175E+00
 -0.2607802609280125E+00
 -0.3202943168268246E+00
 -0.3785691976058444E+00
 -0.4353794546120395E+00
 -0.4905053039787565E+00
 -0.5437334773400753E+00
 -0.5948580472350710E+00
 -0.6436812240325918E+00
 -0.6900141213121715E+00
 -0.7336774867545816E+00
 -0.7745023957256625E+00
 -0.8123309048788052E+00
 -0.8470166632540707E+00
 -0.8784254785147680E+00
 -0.9064358361346346E+00
 -0.9309393695298088E+00
 -0.9518412793188497E+00
 -0.9690607000902930E+00
 -0.9825310132599037E+00
 -0.9922001048080382E+00
 -0.9980305669005339E+00
 -0.9999998426134887E+00
 -0.9981003132022837E+00
 -0.9923393275773966E+00
 -0.9827391738730934E+00
 -0.9693369932190630E+00
 -0.9521846360486425E+00
 -0.9313484614995783E+00
 -0.9069090806834144E+00
 -0.8789610448167607E+00
 -0.8476124794210026E+00
 -0.8129846660056598E+00
 -0.7752115728537901E+00
 -0.7344393367247239E+00
 -0.6908256974793364E+00
 -0.6445393878151664E+00
 -0.5957594804723934E+00
 -0.5446746954361903E+00
 -0.4914826698157650E+00
 -0.4363891932247778E+00
 -0.3796074116213058E+00
 -0.3213570026875355E+00
 -0.2618633259394906E+00
 -0.2013565508548383E+00
 -0.1400707663919009E+00
 -0.7824307534494893E-01
 -0.1611267703954882E-01
  0.4608005808315177E-01
  0.1080945184129737E+00
  0.1696907820502749E+00
  0.2306305450171749E+00
  0.2906780432093526E+00
  0.3496009645215603E+00
  0.4071713476180300E+00
  0.4631664638705992E+00
  0.5173696790524998E+00
  0.5695712914540976E+00
  0.6195693431780729E+00
  0.6671704014752859E+00
  0.7121903070985082E+00
  0.7544548867787753E+00
  0.7938006270679245E+00
  0.8300753069403656E+00
  0.8631385867066507E+00
  0.8928625509604747E+00
  0.9191322034585314E+00
  0.9418459120186373E+00
  0.9609158017149005E+00
  0.9762680948487402E+00
  0.9878433963804688E+00
  0.9955969237171606E+00
  0.9994986799678043E+00
  0.9995335699954517E+00
  0.9957014588173625E+00
  0.9880171721272313E+00
  0.9765104389374580E+00
