           BREAK
  0.9042567503640891E+00
  0.8758963527140987E+00
  0.8441567374002149E+00
  0.8091587560667776E+00
  0.7710362454465615E+00
  0.7299354395361082E+00
  0.6860143460158754E+00
  0.6394420873277981E+00
  0.5903982072662436E+00
  0.5390719443346303E+00
  0.4856614734734198E+00
  0.4303731180794432E+00
  0.3734205345150156E+00
  0.3150238715505915E+00
  0.2554089073995264E+00
  0.1948061671898550E+00
  0.1334500238777303E+00
  0.7157778574202080E-01
  0.9428773710852767E-02
 -0.5275660814004678E-01
 -0.1147378055094394E+00
 -0.1762750467575630E+00
 -0.2371302722739546E+00
 -0.2970680568319966E+00
 -0.3558565214436348E+00
 -0.4132682312523452E+00
 -0.4690810760432824E+00
 -0.5230791300061174E+00
 -0.5750534874576404E+00
 -0.6248030713171924E+00
 -0.6721354112277550E+00
 -0.7168673883284289E+00
 -0.7588259438094419E+00
 -0.7978487485180815E+00
 -0.8337848310323814E+00
 -0.8664951617782932E+00
 -0.8958531909347534E+00
 -0.9217453380487837E+00
 -0.9440714314687576E+00
 -0.9627450958974800E+00
 -0.9776940865669838E+00
 -0.9888605687430849E+00
 -0.9962013414789948E+00
 -0.9996880047527789E+00
 -0.9993070693423473E+00
 -0.9950600090131079E+00
 -0.9869632548165053E+00
 -0.9750481315216080E+00
 -0.9593607364257184E+00
 -0.9399617610129086E+00
 -0.9169262561504631E+00
 -0.8903433417316537E+00
 -0.8603158618881813E+00
 -0.8269599871062095E+00
 -0.7904047647853183E+00
 -0.7507916199791869E+00
 -0.7082738082495348E+00
 -0.6630158227501266E+00
 -0.6151927578347176E+00
 -0.5649896316510115E+00
 -0.5126006703413937E+00
 -0.4582285566197148E+00
 -0.4020836456312472E+00
 -0.3443831511294915E+00
 -0.2853503051183636E+00
 -0.2252134942109354E+00
 -0.1642053760459993E+00
 -0.1025619791808584E+00
 -0.4052178994269442E-01
  0.2167517022870277E-01
  0.8378827337726091E-01
  0.1455772159734346E+00
  0.2068029486018854E+00
  0.2672286007972237E+00
  0.3266203974498266E+00
  0.3847485632363237E+00
  0.4413882115756811E+00
  0.4963202146716979E+00
  0.5493320512758832E+00
  0.6002186288908746E+00
  0.6487830772334708E+00
  0.6948375098875156E+00
  0.7382037511999349E+00
  0.7787140256077283E+00
  0.8162116067290307E+00
  0.8505514237070322E+00
  0.8816006224609467E+00
  0.9092390796726352E+00
  0.9333598675203906E+00
  0.9538696673619074E+00
  0.9706891307659800E+00
  0.9837531864961673E+00
  0.9930112922587666E+00
  0.9984276302411288E+00
  0.9999812456838162E+00
  0.9976661279504969E+00
  0.9914912337819310E+00
  0.9814804526440770E+00
  0.9676725143043906E+00
  0.9501208389938800E+00
