  0.3794584451108542E+00
  0.3212025663874666E+00
  0.2617044960082954E+00
  0.2011943037151609E+00
  0.1399060019506179E+00
  0.7807663460760544E-01
  0.1594535526593937E-01
 -0.4624750175281809E-01
 -0.1082613541105016E+00
 -0.1698563045060453E+00
 -0.2307940705757941E+00
 -0.2908389081465266E+00
 -0.3497585243530346E+00
 -0.4073249771549747E+00
 -0.4633155578269178E+00
 -0.5175136530504356E+00
 -0.5697095833071377E+00
 -0.6197014143560500E+00
 -0.6672957386770819E+00
 -0.7123084238738947E+00
 -0.7545653251535985E+00
 -0.7939029591367737E+00
 -0.8301691363985669E+00
 -0.8632235502995057E+00
 -0.8929383198323119E+00
 -0.9191984843878427E+00
 -0.9419024485284341E+00
 -0.9609623750497036E+00
 -0.9763045248114330E+00
 -0.9878695420237302E+00
 -0.9956126838854267E+00
 -0.9995039936867461E+00
 -0.9995284167068633E+00
 -0.9956858584582006E+00
 -0.9879911850522488E+00
 -0.9764741656856136E+00
 -0.9611793574688384E+00
 -0.9421659330436258E+00
 -0.9195074516553892E+00
 -0.8932915745668215E+00
 -0.8636197259134970E+00
 -0.8306067003135897E+00
 -0.7943802187498012E+00
 -0.7550804344416839E+00
 -0.7128593906200672E+00
 -0.6678804323013305E+00
 -0.6203175743372735E+00
 -0.5703548281854556E+00
 -0.5181854900046146E+00
 -0.4640113928293831E+00
 -0.4080421257174832E+00
 -0.3504942228903791E+00
 -0.2915903260044397E+00
 -0.2315583227936238E+00
 -0.1706304654161048E+00
 -0.1090424719157928E+00
 -0.4703261427501320E-01
  0.1515920341350216E-01
  0.7729237308894700E-01
  0.1391265135882838E+00
  0.2004224006342649E+00
  0.2609428923476891E+00
  0.3204538467032632E+00
  0.3787250273796109E+00
  0.4355309944988732E+00
  0.4906519768098009E+00
  0.5438747219400303E+00
  0.5949933214280871E+00
  0.6438100073432174E+00
  0.6901359174110958E+00
  0.7337918256852753E+00
  0.7746088359375527E+00
  0.8124290350846697E+00
  0.8471061041233487E+00
  0.8785058842100961E+00
  0.9065068956957044E+00
  0.9310008081064131E+00
  0.9518928592534678E+00
  0.9691022218496210E+00
  0.9825623162142024E+00
  0.9922210678569694E+00
  0.9980411089441948E+00
  0.9999999228675551E+00
  0.9980899313565137E+00
  0.9923185237971786E+00
  0.9827080286442010E+00
  0.9692956270363252E+00
  0.9521332089497823E+00
  0.9312871724460546E+00
  0.9068381667906750E+00
  0.8788807804368833E+00
  0.8475231750812817E+00
  0.8128866672072349E+00
  0.7751052587349714E+00
  0.7343251185941827E+00
  0.6907040172248288E+00
  0.6444107161939591E+00
  0.5956243152899933E+00
  0.5445335596204299E+00
  0.4913361093936990E+00
