  0.6359506959532244E+00
  0.5867340516592019E+00
  0.5352491682179169E+00
  0.4816948411035349E+00
  0.4262779557426056E+00
  0.3692126701119049E+00
  0.3107195724565813E+00
  0.2510248168016990E+00
  0.1903592391145712E+00
  0.1289574571332003E+00
  0.6705695700920268E-01
  0.4897170023213212E-02
 -0.5728145728170136E-01
 -0.1192383961367203E+00
 -0.1807339682957875E+00
 -0.2415302750105528E+00
 -0.3013921187375884E+00
 -0.3600879140925672E+00
 -0.4173905845919034E+00
 -0.4730784417643915E+00
 -0.5269360432730638E+00
 -0.5787550267601341E+00
 -0.6283349162148852E+00
 -0.6754838977651411E+00
 -0.7200195619067499E+00
 -0.7617696093118455E+00
 -0.8005725174947143E+00
 -0.8362781657633330E+00
 -0.8687484160442702E+00
 -0.8978576473380152E+00
 -0.9234932417401498E+00
 -0.9455560201503462E+00
 -0.9639606259852154E+00
 -0.9786358554117245E+00
 -0.9895249328244641E+00
 -0.9965857305016166E+00
 -0.9997909315902695E+00
 -0.9991281357908022E+00
 -0.9945999073316880E+00
 -0.9862237650492373E+00
 -0.9740321146107420E+00
 -0.9580721231433030E+00
 -0.9384055367533981E+00
 -0.9151084416431942E+00
 -0.8882709697478138E+00
 -0.8579969500323819E+00
 -0.8244035067979321E+00
 -0.7876206065502357E+00
 -0.7477905551846394E+00
 -0.7050674474322046E+00
 -0.6596165706971253E+00
 -0.6116137655918744E+00
 -0.5612447456440336E+00
 -0.5087043788067331E+00
 -0.4541959335523984E+00
 -0.3979302924665158E+00
 -0.3401251363838794E+00
 -0.2810041022237290E+00
 -0.2207959177819532E+00
 -0.1597335168276820E+00
 -0.9805313792778717E-01
 -0.3599341048575762E-01
  0.2620556846910265E-01
  0.8830316317043903E-01
  0.1500591300878766E+00
  0.2112345473825709E+00
  0.2715927392493840E+00
  0.3309001915696007E+00
  0.3889274553316847E+00
  0.4454500343249328E+00
  0.5002492536717044E+00
  0.5531131058380345E+00
  0.6038370708496057E+00
  0.6522249075397888E+00
  0.6980894127685983E+00
  0.7412531456752741E+00
  0.7815491141624967E+00
  0.8188214209563738E+00
  0.8529258667427072E+00
  0.8837305080461235E+00
  0.9111161676937519E+00
  0.9349768958885503E+00
  0.9552203801084896E+00
  0.9717683022457672E+00
  0.9845566416043519E+00
  0.9935359225836196E+00
  0.9986714060898420E+00
  0.9999432239349878E+00
  0.9973464557028880E+00
  0.9908911477853654E+00
  0.9806022745146974E+00
  0.9665196415427797E+00
  0.9486977318407865E+00
  0.9272054949151426E+00
  0.9021260800552781E+00
  0.8735565146451771E+00
  0.8416073287832834E+00
  0.8064021276630177E+00
  0.7680771133682980E+00
  0.7267805579341385E+00
