           BREAK
  0.6512601895502899E+00
  0.6028135591970665E+00
  0.5520366275349028E+00
  0.4991254199680775E+00
  0.4442843089463035E+00
  0.3877252050949138E+00
  0.3296667226497349E+00
  0.2703333218045534E+00
  0.2099544307722827E+00
  0.1487635505271574E+00
  0.8699734533617851E-01
  0.2489472230502198E-01
 -0.3730409674183016E-01
 -0.9935850765396016E-01
 -0.1610284571753943E+00
 -0.2220753735137598E+00
 -0.2822630907649347E+00
 -0.3413587637031443E+00
 -0.3991337694669078E+00
 -0.4553645927081211E+00
 -0.5098336908242882E+00
 -0.5623303359618156E+00
 -0.6126514305607308E+00
 -0.6606022933076133E+00
 -0.7059974124731840E+00
 -0.7486611637333868E+00
 -0.7884284897071652E+00
 -0.8251455385898402E+00
 -0.8586702594173697E+00
 -0.8888729516630928E+00
 -0.9156367670440958E+00
 -0.9388581615983497E+00
 -0.9584472962855027E+00
 -0.9743283845628415E+00
 -0.9864399855927047E+00
 -0.9947352419476898E+00
 -0.9991820608945075E+00
 -0.9997632385554744E+00
 -0.9964765264675168E+00
 -0.9893346402813351E+00
 -0.9783652105671774E+00
 -0.9636106759176016E+00
 -0.9451281187608377E+00
 -0.9229890445199651E+00
 -0.8972791049723271E+00
 -0.8680977668794392E+00
 -0.8355579271694080E+00
 -0.7997854761606504E+00
 -0.7609188105167062E+00
 -0.7191082978164329E+00
 -0.6745156948110559E+00
 -0.6273135216187213E+00
 -0.5776843942776766E+00
 -0.5258203182402937E+00
 -0.4719219455412723E+00
 -0.4161977985139006E+00
 -0.3588634630576547E+00
 -0.3001407545782359E+00
 -0.2402568598268556E+00
 -0.1794434579588308E+00
 -0.1179358242119408E+00
 -0.5597191967223644E-01
  0.6208529351172053E-02
  0.6836495878063525E-01
  0.1302568974656449E+00
  0.1916448975190026E+00
  0.2522914606941748E+00
  0.3119619572198757E+00
  0.3704255335370656E+00
  0.4274560054265271E+00
  0.4828327330716705E+00
  0.5363414746711156E+00
  0.5877752152986090E+00
  0.6369349678035495E+00
  0.6836305426536226E+00
  0.7276812837411519E+00
  0.7689167673064841E+00
  0.8071774612744059E+00
  0.8423153424527543E+00
  0.8741944692053870E+00
  0.9026915073839664E+00
  0.9276962074838199E+00
  0.9491118311778529E+00
  0.9668555255783459E+00
  0.9808586437786824E+00
  0.9910670104348891E+00
  0.9974411313595252E+00
  0.9999563463170150E+00
  0.9986029244293120E+00
  0.9933861018227735E+00
  0.9843260613706081E+00
  0.9714578546092556E+00
  0.9548312661308065E+00
  0.9345106209760832E+00
  0.9105745357735556E+00
  0.8831156145868754E+00
  0.8522400906477471E+00
  0.8180674153601907E+00
  0.7807297961662624E+00
  0.7403716850611498E+00
