  0.9759899179650071E+00
  0.9603441047920235E+00
  0.9410036979749861E+00
  0.9180394335460330E+00
  0.8915368312200116E+00
  0.8615957284323125E+00
  0.8283297815434258E+00
  0.7918659325978281E+00
  0.7523438406788732E+00
  0.7099152774878107E+00
  0.6647434873005725E+00
  0.6170025119266076E+00
  0.5668764817150684E+00
  0.5145588740295330E+00
  0.4602517409473172E+00
  0.4041649082367323E+00
  0.3465151479283879E+00
  0.2875253270275620E+00
  0.2274235351159938E+00
  0.1664421937652589E+00
  0.1048171508319047E+00
  0.4278676282826449E-01
 -0.1940903133625807E-01
 -0.8152964186955428E-01
 -0.1433347614344399E+00
 -0.2045852968384687E+00
 -0.2650442955849505E+00
 -0.3244778637924138E+00
 -0.3826560720053156E+00
 -0.4393538454510139E+00
 -0.4943518353462717E+00
 -0.5474372679201287E+00
 -0.5984047678983381E+00
 -0.6470571532870032E+00
 -0.6932061983989836E+00
 -0.7366733621854225E+00
 -0.7772904790657401E+00
 -0.8149004095919430E+00
 -0.8493576484364793E+00
 -0.8805288873564067E+00
 -0.9082935309595861E+00
 -0.9325441632802807E+00
 -0.9531869633611164E+00
 -0.9701420682350964E+00
 -0.9833438819044513E+00
 -0.9927413291217129E+00
 -0.9982980529917334E+00
 -0.9999925556305472E+00
 -0.9978182813371451E+00
 -0.9917836419565650E+00
 -0.9819119843362852E+00
 -0.9682415000019000E+00
 -0.9508250774015626E+00
 -0.9297300972908690E+00
 -0.9050381720498045E+00
 -0.8768448299402979E+00
 -0.8452591455259324E+00
 -0.8104033176836477E+00
 -0.7724121968400217E+00
 -0.7314327632611702E+00
 -0.6876235584146486E+00
 -0.6411540716033159E+00
 -0.5922040842441475E+00
 -0.5409629743288592E+00
 -0.4876289837572475E+00
 -0.4324084513777894E+00
 -0.3755150147027254E+00
 -0.3171687833860226E+00
 -0.2575954876618882E+00
 -0.1970256050383433E+00
 -0.1356934686245154E+00
 -0.7383636054136991E-01
 -0.1169359392327140E-01
  0.5049441293803487E-01
  0.1124870667250913E+00
  0.1740445299035364E+00
  0.2349286486069271E+00
  0.2949038740077858E+00
  0.3537381736102564E+00
  0.4112039289387497E+00
  0.4670788161496092E+00
  0.5211466661588746E+00
  0.5731983009584684E+00
  0.6230323428852749E+00
  0.6704559937121997E+00
  0.7152857805470518E+00
  0.7573482656535256E+00
  0.7964807174481041E+00
  0.8325317400769457E+00
  0.8653618591370311E+00
  0.8948440612755318E+00
  0.9208642855797977E+00
  0.9433218648568725E+00
  0.9621299150953037E+00
  0.9772156716025042E+00
  0.9885207705172157E+00
  0.9960014746079472E+00
  0.9996288424838264E+00
  0.9993888405632195E+00
  0.9952823973669342E+00
