  0.9840719611389449E+00
  0.9708320181731283E+00
  0.9538600119767932E+00
  0.9332169410670230E+00
  0.9089788709649460E+00
  0.8812364881571343E+00
  0.8500946226407161E+00
  0.8156717369799285E+00
  0.7780993805034548E+00
  0.7375216079009934E+00
  0.6940943620414574E+00
  0.6479848213404702E+00
  0.5993707124572296E+00
  0.5484395895051519E+00
  0.4953880813215810E+00
  0.4404211086629023E+00
  0.3837510734760168E+00
  0.3255970226482726E+00
  0.2661837888580161E+00
  0.2057411113392519E+00
  0.1445027395382767E+00
  0.8270552277936177E-01
  0.2058848917198107E-01
 -0.4160808291496590E-01
 -0.1036435974148237E+00
 -0.1652780737123515E+00
 -0.2262730769000685E+00
 -0.2863926416481316E+00
 -0.3454041861985828E+00
 -0.4030794130163928E+00
 -0.4591951926677406E+00
 -0.5135344275497573E+00
 -0.5658868921648939E+00
 -0.6160500467165174E+00
 -0.6638298208996807E+00
 -0.7090413648715981E+00
 -0.7515097645095811E+00
 -0.7910707181993620E+00
 -0.8275711725432099E+00
 -0.8608699145343215E+00
 -0.8908381179109537E+00
 -0.9173598415799130E+00
 -0.9403324781835858E+00
 -0.9596671510769328E+00
 -0.9752890581799517E+00
 -0.9871377613762757E+00
 -0.9951674203389643E+00
 -0.9993469698793415E+00
 -0.9996602401330827E+00
 -0.9961060191188013E+00
 -0.9886980574272551E+00
 -0.9774650150231279E+00
 -0.9624503503652646E+00
 -0.9437121522743600E+00
 -0.9213229151986079E+00
 -0.8953692587467604E+00
 -0.8659515925736889E+00
 -0.8331837279149327E+00
 -0.7971924372731368E+00
 -0.7581169639598669E+00
 -0.7161084833902904E+00
 -0.6713295182148583E+00
 -0.6239533095507508E+00
 -0.5741631467456445E+00
 -0.5221516582668382E+00
 -0.4681200664591308E+00
 -0.4122774090546622E+00
 -0.3548397304465338E+00
 -0.2960292458550252E+00
 -0.2360734816200749E+00
 -0.1752043949460683E+00
 -0.1136574765044829E+00
 -0.5167083936621970E-01
  0.1051570221160260E-01
  0.7266156058042372E-01
  0.1345263054871178E+00
  0.1958705942519302E+00
  0.2564570977388120E+00
  0.3160514185357432E+00
  0.3744229977927808E+00
  0.4313460072094606E+00
  0.4866002227206234E+00
  0.5399718765005371E+00
  0.5912544839890869E+00
  0.6402496427404295E+00
  0.6867678000035056E+00
  0.7306289860648186E+00
  0.7716635105162851E+00
  0.8097126187544649E+00
  0.8446291061712785E+00
  0.8762778876600386E+00
  0.9045365202334835E+00
  0.9292956767319129E+00
  0.9504595687887262E+00
  0.9679463174170042E+00
  0.9816882697834058E+00
  0.9916322609438362E+00
  0.9977398195282854E+00
  0.9999873165790885E+00
  0.9983660569667714E+00
