 -0.1699668605246244E+00
 -0.2309032275990643E+00
 -0.2909462438859138E+00
 -0.3498636235610943E+00
 -0.4074274332331989E+00
 -0.4634149743997612E+00
 -0.5176096454995591E+00
 -0.5698017802599774E+00
 -0.6197894591229993E+00
 -0.6673792906317644E+00
 -0.7123871597712026E+00
 -0.7546389403804327E+00
 -0.7939711688906456E+00
 -0.8302316767895328E+00
 -0.8632801793711626E+00
 -0.8929888184979203E+00
 -0.9192426572779608E+00
 -0.9419401247467829E+00
 -0.9609934088343426E+00
 -0.9763287960986955E+00
 -0.9878869569127292E+00
 -0.9956231750013446E+00
 -0.9995075204414949E+00
 -0.9995249654561158E+00
 -0.9956754425541749E+00
 -0.9879738447920549E+00
 -0.9764499681553491E+00
 -0.9611483962840471E+00
 -0.9421283279871170E+00
 -0.9194633482138216E+00
 -0.8932411433678420E+00
 -0.8635631620656172E+00
 -0.8305442226513493E+00
 -0.7943120689871374E+00
 -0.7550068762367895E+00
 -0.7127807085553464E+00
 -0.6677969307824078E+00
 -0.6202295764153027E+00
 -0.5702626743073018E+00
 -0.5180895366957307E+00
 -0.4639120113144805E+00
 -0.4079397004843355E+00
 -0.3503891502023160E+00
 -0.2914830123672798E+00
 -0.2314491833829812E+00
 -0.1705199224711566E+00
 -0.1089309531057186E+00
 -0.4692055104442514E-01
  0.1527137751373609E-01
  0.7740422407902420E-01
  0.1392376087384523E+00
  0.2005323101389713E+00
  0.2610511909884120E+00
  0.3205601154935999E+00
  0.3788288551862558E+00
  0.4356319796322130E+00
  0.4907497285779730E+00
  0.5439688621604339E+00
  0.5950834858904970E+00
  0.6438958472188449E+00
  0.6902171006021383E+00
  0.7338680381097374E+00
  0.7746797827443703E+00
  0.8124944417944286E+00
  0.8471657176901967E+00
  0.8785594740007239E+00
  0.9065542543816217E+00
  0.9310417524660649E+00
  0.9519272308810810E+00
  0.9691298877680453E+00
  0.9825831693893743E+00
  0.9922350276120048E+00
  0.9980481212715141E+00
  0.9999999606378253E+00
  0.9980829944236097E+00
  0.9923046389987455E+00
  0.9826872496978273E+00
  0.9692680343317173E+00
  0.9520989092377543E+00
  0.9312462984255286E+00
  0.9067908765952958E+00
  0.8788272570232312E+00
  0.8474636255210444E+00
  0.8128213218860938E+00
  0.7750343704612791E+00
  0.7342489616208989E+00
  0.6906228861884882E+00
  0.6443249249747804E+00
  0.5955341957975369E+00
  0.5444394605095054E+00
  0.4912383947154845E+00
  0.4361368230038125E+00
  0.3793479226510113E+00
  0.3210913988803278E+00
  0.2615926348649014E+00
  0.2010818197640480E+00
  0.1397930581661282E+00
  0.7796346438337033E-01
  0.1583224510265578E-01
 -0.4636022605867372E-01
