 -0.7073666664870958E-01
 -0.1326139088863937E+00
 -0.1939780409756123E+00
 -0.2545916716910099E+00
 -0.3142203094784354E+00
 -0.3726332706212308E+00
 -0.4296045724491885E+00
 -0.4849138081839127E+00
 -0.5383470000753015E+00
 -0.5896974275596624E+00
 -0.6387664272600345E+00
 -0.6853641617529153E+00
 -0.7293103541421744E+00
 -0.7704349856098619E+00
 -0.8085789532541665E+00
 -0.8435946856763140E+00
 -0.8753467139400213E+00
 -0.9037121956984795E+00
 -0.9285813904640443E+00
 -0.9498580841840690E+00
 -0.9674599614818606E+00
 -0.9813189241237831E+00
 -0.9913813544812361E+00
 -0.9976083229688139E+00
 -0.9999757386565057E+00
 -0.9984744424735280E+00
 -0.9931102426433875E+00
 -0.9839038922132020E+00
 -0.9708910087642987E+00
 -0.9541219366147560E+00
 -0.9336615520470327E+00
 -0.9095890123142399E+00
 -0.8819974493961003E+00
 -0.8509936096894118E+00
 -0.8166974410269729E+00
 -0.7792416286227202E+00
 -0.7387710817384086E+00
 -0.6954423730578337E+00
 -0.6494231329375318E+00
 -0.6008914008775003E+00
 -0.5500349367209548E+00
 -0.4970504942479750E+00
 -0.4421430599733515E+00
 -0.3855250600935797E+00
 -0.3274155386511760E+00
 -0.2680393100958275E+00
 -0.2076260895209633E+00
 -0.1464096039406803E+00
 -0.8462668804533328E-01
 -0.2251636793412854E-01
  0.3968106363042199E-01
  0.1017249768685157E+00
  0.1633753359329317E+00
  0.2243936275610910E+00
  0.2845437838365364E+00
  0.3435930954898400E+00
  0.4013131122055588E+00
  0.4574805264521236E+00
  0.5118780374153008E+00
  0.5642951916928247E+00
  0.6145291974977285E+00
  0.6623857092203725E+00
  0.7076795793138515E+00
  0.7502355745938879E+00
  0.7898890541819762E+00
  0.8264866064689604E+00
  0.8598866426347461E+00
  0.8899599444279400E+00
  0.9165901640861592E+00
  0.9396742744629241E+00
  0.9591229676196718E+00
  0.9748610003408217E+00
  0.9868274852351591E+00
  0.9949761262973226E+00
  0.9992753980180556E+00
  0.9997086673502791E+00
  0.9962742580591154E+00
  0.9889854572069199E+00
  0.9778704637482146E+00
  0.9629722794334132E+00
  0.9443485424434019E+00
  0.9220713043986138E+00
  0.8962267516053080E+00
  0.8669148716174939E+00
  0.8342490664045072E+00
  0.7983557136208228E+00
  0.7593736776754598E+00
  0.7174537724925603E+00
  0.6727581780416144E+00
  0.6254598128946647E+00
  0.5757416652379433E+00
  0.5237960849261318E+00
  0.4698240393181320E+00
  0.4140343357734050E+00
  0.3566428138168580E+00
  0.2978715100976497E+00
  0.2379477993725348E+00
  0.1771035148370997E+00
  0.1155740512081615E+00
  0.5359745402734686E-01
