           BREAK
  0.3608789235811701E+00
  0.3021988732459582E+00
  0.2423501119602380E+00
  0.1815640756292490E+00
  0.1200758512448277E+00
  0.5812326189692368E-01
 -0.4054057665898549E-02
 -0.6621559157063511E-01
 -0.1281208760289051E+00
 -0.1895304317575699E+00
 -0.2502066921231316E+00
 -0.3099149235159670E+00
 -0.3684241344717597E+00
 -0.4255079700856989E+00
 -0.4809455883093452E+00
 -0.5345225147799072E+00
 -0.5860314729064600E+00
 -0.6352731860266306E+00
 -0.6820571485499644E+00
 -0.7262023631198352E+00
 -0.7675380409538155E+00
 -0.8059042626621421E+00
 -0.8411525969946733E+00
 -0.8731466751278412E+00
 -0.9017627182737679E+00
 -0.9268900165733296E+00
 -0.9484313574226265E+00
 -0.9663034015773680E+00
 -0.9804370055812754E+00
 -0.9907774892719334E+00
 -0.9972848473297531E+00
 -0.9999339040520260E+00
 -0.9987144107535605E+00
 -0.9936310854172646E+00
 -0.9847035944414130E+00
 -0.9719664765542788E+00
 -0.9554690091905543E+00
 -0.9352750178465462E+00
 -0.9114626291517333E+00
 -0.8841239686120113E+00
 -0.8533648041940075E+00
 -0.8193041371293598E+00
 -0.7820737415220730E+00
 -0.7418176545401074E+00
 -0.6986916191635572E+00
 -0.6528624816453195E+00
 -0.6045075460153539E+00
 -0.5538138881258347E+00
 -0.5009776318910221E+00
 -0.4462031905219380E+00
 -0.3897024756913636E+00
 -0.3316940776887444E+00
 -0.2724024197368239E+00
 -0.2120568897417954E+00
 -0.1508909528360530E+00
 -0.8914124814694992E-01
 -0.2704667328598597E-01
  0.3515253989963991E-01
  0.9721575473737980E-01
  0.1589028607058734E+00
  0.2199752023759086E+00
  0.2801965027219165E+00
  0.3393337772318807E+00
  0.3971582352791542E+00
  0.4534461652689463E+00
  0.5079798001350244E+00
  0.5605481598381865E+00
  0.6109478676070496E+00
  0.6589839367632648E+00
  0.7044705250870984E+00
  0.7472316538048789E+00
  0.7871018884166801E+00
  0.8239269787302692E+00
  0.8575644556251296E+00
  0.8878841822378121E+00
  0.9147688574361820E+00
  0.9381144696347058E+00
  0.9578306991950741E+00
  0.9738412678553346E+00
  0.9860842338356676E+00
  0.9945122314791019E+00
  0.9990926545000385E+00
  0.9998077821316353E+00
  0.9966548476840108E+00
  0.9896460492480318E+00
  0.9788085025032670E+00
  0.9641841358126934E+00
  0.9458295280100023E+00
  0.9238156895070838E+00
  0.8982277875685404E+00
  0.8691648168160816E+00
  0.8367392162375680E+00
  0.8010764341824069E+00
  0.7623144430262611E+00
  0.7206032053827311E+00
  0.6761040939271332E+00
  0.6289892670769720E+00
  0.5794410029444671E+00
  0.5276509941379428E+00
  0.4738196061403744E+00
