 -0.6674628341868463E+00
 -0.7124658867024450E+00
 -0.7547125461094238E+00
 -0.7940393686516420E+00
 -0.8302942067312510E+00
 -0.8633367975776249E+00
 -0.8930393059244235E+00
 -0.9192868185985449E+00
 -0.9419777891099279E+00
 -0.9610244305239748E+00
 -0.9763530550979397E+00
 -0.9879043593682393E+00
 -0.9956336535864062E+00
 -0.9995110346164994E+00
 -0.9995215016254040E+00
 -0.9956650141186354E+00
 -0.9879564920972783E+00
 -0.9764257583355411E+00
 -0.9611174230022967E+00
 -0.9420907110730349E+00
 -0.9194192331999397E+00
 -0.8931907009265795E+00
 -0.8635065873489799E+00
 -0.8304817345359252E+00
 -0.7942439092273058E+00
 -0.7549333085294199E+00
 -0.7127020175196074E+00
 -0.6677134208586288E+00
 -0.6201415706871561E+00
 -0.5701705132518529E+00
 -0.5179935768661991E+00
 -0.4638126239608048E+00
 -0.4078372701168798E+00
 -0.3502840731042729E+00
 -0.2913756950615282E+00
 -0.2313400410593289E+00
 -0.1704093773800519E+00
 -0.1088194329246430E+00
 -0.4680848722329429E-01
  0.1538355142176779E-01
  0.7751607409489862E-01
  0.1393487021361874E+00
  0.2006422171197926E+00
  0.2611594863435615E+00
  0.3206663802493873E+00
  0.3789326782249849E+00
  0.4357329592827161E+00
  0.4908474741695992E+00
  0.5440629955344786E+00
  0.5951736428632224E+00
  0.6439816789904381E+00
  0.6902982751061494E+00
  0.7339442412977804E+00
  0.7747507198011139E+00
  0.8125598382781817E+00
  0.8472253205946667E+00
  0.8786130527338534E+00
  0.9066016016577007E+00
  0.9310826851076798E+00
  0.9519615905277931E+00
  0.9691575414890573E+00
  0.9826040101978109E+00
  0.9922489748788278E+00
  0.9980551210374569E+00
  0.9999999858221541E+00
  0.9980760449288900E+00
  0.9922907417112227E+00
  0.9826664583834075E+00
  0.9692404294279569E+00
  0.9520645975426628E+00
  0.9312054126843891E+00
  0.9067435749870983E+00
  0.8787737225487073E+00
  0.8474040652946775E+00
  0.8127559663348287E+00
  0.7749634724330473E+00
  0.7341727954063978E+00
  0.6905417464600060E+00
  0.6442391256461636E+00
  0.5954440688097187E+00
  0.5443453545462944E+00
  0.4911406738545708E+00
  0.4360358653082207E+00
  0.3792441187064556E+00
  0.3209851502841032E+00
  0.2614843526721855E+00
  0.2009719228976091E+00
  0.1396819717955938E+00
  0.7785161828032636E-01
  0.1572007197794810E-01
 -0.4647229222901891E-01
 -0.1084848641653920E+00
 -0.1700777292373606E+00
 -0.2310125966154335E+00
 -0.2910537211353688E+00
 -0.3499688153504217E+00
 -0.4075299482063427E+00
 -0.4635144268623498E+00
 -0.5177056582464714E+00
 -0.5698939870120581E+00
