 -0.9047516675034208E+00
 -0.9294820148848549E+00
 -0.9506163768807274E+00
 -0.9680729887677537E+00
 -0.9817843143157186E+00
 -0.9916973070751230E+00
 -0.9977736156055204E+00
 -0.9999897318509667E+00
 -0.9983370820888059E+00
 -0.9928220601001312E+00
 -0.9834660024336873E+00
 -0.9703051058590147E+00
 -0.9533902873282208E+00
 -0.9327869869882014E+00
 -0.9085749150054244E+00
 -0.8808477431827839E+00
 -0.8497127425615830E+00
 -0.8152903684107193E+00
 -0.7777137942086454E+00
 -0.7371283964210533E+00
 -0.6936911920675704E+00
 -0.6475702312534148E+00
 -0.5989439470161873E+00
 -0.5480004650031092E+00
 -0.4949368756494422E+00
 -0.4399584716738817E+00
 -0.3832779538409103E+00
 -0.3251146080628594E+00
 -0.2656934570253150E+00
 -0.2052443896180623E+00
 -0.1440012715396286E+00
 -0.8220104051633138E-01
 -0.2008278963624171E-01
  0.4211315765552356E-01
  0.1041461773215253E+00
  0.1657762756596557E+00
  0.2267650177921509E+00
  0.2868764501238115E+00
  0.3458780132006256E+00
  0.4035414414371157E+00
  0.4596436462315469E+00
  0.5139675790523868E+00
  0.5663030711569087E+00
  0.6164476466932293E+00
  0.6642073060400443E+00
  0.7093972763534762E+00
  0.7518427264173103E+00
  0.7913794430310088E+00
  0.8278544663186806E+00
  0.8611266815011251E+00
  0.8910673648415023E+00
  0.9175606816524601E+00
  0.9405041344380400E+00
  0.9598089594365731E+00
  0.9754004700304346E+00
  0.9872183456940555E+00
  0.9952168653623189E+00
  0.9993650843164769E+00
  0.9996469539032593E+00
  0.9960613836239923E+00
  0.9886222453535287E+00
  0.9773583196726559E+00
  0.9623131845216227E+00
  0.9435450466055525E+00
  0.9211265162040098E+00
  0.8951443262559328E+00
  0.8656989968067443E+00
  0.8329044461158214E+00
  0.7968875499288821E+00
  0.7577876506203728E+00
  0.7157560181048891E+00
  0.6709552646032675E+00
  0.6235587155274877E+00
  0.5737497389183301E+00
  0.5217210360300459E+00
  0.4676738958066392E+00
  0.4118174161340489E+00
  0.3543676948810484E+00
  0.2955469938585679E+00
  0.2355828789319331E+00
  0.1747073396127357E+00
  0.1131558915364807E+00
  0.5116666529834867E-01
 -0.1102051482781675E-01
 -0.7316505872303856E-01
 -0.1350265412196306E+00
 -0.1963656322594721E+00
 -0.2569450228155017E+00
 -0.3165303429942465E+00
 -0.3748910687674074E+00
 -0.4318014138245423E+00
 -0.4870412030964355E+00
 -0.5403967245696741E+00
 -0.5916615560969040E+00
 -0.6406373640040188E+00
 -0.6871346704046213E+00
 -0.7309735862531486E+00
 -0.7719845073006462E+00
 -0.8100087702606602E+00
 -0.8448992666466649E+00
