  0.3978862531083633E+00
  0.3400778320161623E+00
  0.2809542389652734E+00
  0.2207440847466718E+00
  0.1596802130438119E+00
  0.9799879325548512E-01
  0.3593840175280281E-01
 -0.2626090512514596E-01
 -0.8835852295563780E-01
 -0.1501142325590703E+00
 -0.2112891312939269E+00
 -0.2716465588279321E+00
 -0.3309530138934837E+00
 -0.3889790585529291E+00
 -0.4455002065332421E+00
 -0.5002977922396183E+00
 -0.5531598171227615E+00
 -0.6038817701545545E+00
 -0.6522674192607704E+00
 -0.6981295706668664E+00
 -0.7412907932330535E+00
 -0.7815841049871336E+00
 -0.8188536192073298E+00
 -0.8529551475618844E+00
 -0.8837567579767777E+00
 -0.9111392850768939E+00
 -0.9349967912285239E+00
 -0.9552369764014946E+00
 -0.9717815352667022E+00
 -0.9845664601485441E+00
 -0.9935422886609434E+00
 -0.9986742950694267E+00
 -0.9999426246392782E+00
 -0.9973423704502508E+00
 -0.9908835923808220E+00
 -0.9805912781886542E+00
 -0.9665052468378951E+00
 -0.9486799944473772E+00
 -0.9271844834557332E+00
 -0.9021018758191174E+00
 -0.8735292112737508E+00
 -0.8415770319080305E+00
 -0.8063689544966649E+00
 -0.7680411922513838E+00
 -0.7267420278384875E+00
 -0.6826312397020157E+00
 -0.6358794839119877E+00
 -0.5866676339292229E+00
 -0.5351860808410555E+00
 -0.4816339967752084E+00
 -0.4262185643415196E+00
 -0.3691541750826756E+00
 -0.3106616000349808E+00
 -0.2509671356081077E+00
 -0.1903017280882483E+00
 -0.1289000801517980E+00
 -0.6699974284629692E-01
 -0.4840196551575926E-02
  0.5733807552331201E-01
  0.1192945177229082E+00
  0.1807894326084455E+00
  0.2415849083006764E+00
  0.3014457389147139E+00
  0.3601403345259075E+00
  0.4174416171462706E+00
  0.4731278992451040E+00
  0.5269837414149842E+00
  0.5788007858649793E+00
  0.6283785625164634E+00
  0.6755252645829071E+00
  0.7200584906330734E+00
  0.7618059502667177E+00
  0.8006061306726818E+00
  0.8363089214905756E+00
  0.8687761955586054E+00
  0.8978823433007292E+00
  0.9235147586857021E+00
  0.9455742748779358E+00
  0.9639755478947242E+00
  0.9786473867855271E+00
  0.9895330290559338E+00
  0.9965903602707216E+00
  0.9997920769864291E+00
  0.9991257923830720E+00
  0.9945940841863423E+00
  0.9862144846948917E+00
  0.9740194129512721E+00
  0.9580560493189566E+00
  0.9383861529506824E+00
  0.9150858228542815E+00
  0.8882452034804085E+00
  0.8579681359711693E+00
  0.8243717564189159E+00
  0.7875860426894614E+00
  0.7477533115629691E+00
  0.7050276681379726E+00
  0.6595744096286924E+00
  0.6115693858622256E+00
  0.5611983189497216E+00
  0.5086560847636210E+00
