           BREAK
 -0.2674986886109211E+00
 -0.3268853563822312E+00
 -0.3850073502956088E+00
 -0.4416398129886955E+00
 -0.4965636482998662E+00
 -0.5495663693090824E+00
 -0.6004429207089674E+00
 -0.6489964723478046E+00
 -0.6950391808926498E+00
 -0.7383929166800379E+00
 -0.7788899529532229E+00
 -0.8163736148278955E+00
 -0.8506988854820878E+00
 -0.8817329672299411E+00
 -0.9093557953123196E+00
 -0.9334605024192456E+00
 -0.9539538321490553E+00
 -0.9707564998061362E+00
 -0.9838034991424763E+00
 -0.9930443538570578E+00
 -0.9984433128806346E+00
 -0.9999794886907442E+00
 -0.9976469381221019E+00
 -0.9914546853598979E+00
 -0.9814266870271617E+00
 -0.9676017395013314E+00
 -0.9500333288186409E+00
 -0.9287894237470506E+00
 -0.9039522128282881E+00
 -0.8756177864063460E+00
 -0.8438957648726035E+00
 -0.8089088745658294E+00
 -0.7707924729678159E+00
 -0.7296940250315791E+00
 -0.6857725326681021E+00
 -0.6391979195988337E+00
 -0.5901503739538194E+00
 -0.5388196511588301E+00
 -0.4854043398084841E+00
 -0.4301110933655551E+00
 -0.3731538306588673E+00
 -0.3147529082729064E+00
 -0.2551342680310015E+00
 -0.1945285628703030E+00
 -0.1331702644903775E+00
 -0.7129675622775181E-01
 -0.9147414665902159E-02
  0.5303731646624771E-01
  0.1150168565244012E+00
  0.1765514187086635E+00
  0.2374029377520907E+00
  0.2973359909489572E+00
  0.3561187089594706E+00
  0.4135236728671995E+00
  0.4693287940186868E+00
  0.5233181732413003E+00
  0.5752829361151932E+00
  0.6250220410678541E+00
  0.6723430571648975E+00
  0.7170629085879651E+00
  0.7590085829195002E+00
  0.7980178004941842E+00
  0.8339396422274310E+00
  0.8666351334920102E+00
  0.8959777817838807E+00
  0.9218540660971148E+00
  0.9441638761146173E+00
  0.9628208995154950E+00
  0.9777529559006568E+00
  0.9889022760447568E+00
  0.9962257253941041E+00
  0.9996949709458722E+00
  0.9992965908629817E+00
  0.9950321264005805E+00
  0.9869180759432292E+00
  0.9749858311758530E+00
  0.9592815556354140E+00
  0.9398660061131527E+00
  0.9168142975983667E+00
  0.8902156126731093E+00
  0.8601728564821052E+00
  0.8268022586127350E+00
  0.7902329234253427E+00
  0.7506063305735475E+00
  0.7080757876469439E+00
  0.6628058370538273E+00
  0.6149716194385747E+00
  0.5647581960965214E+00
  0.5123598330077571E+00
  0.4579792492597894E+00
  0.4018268327667758E+00
  0.3441198263195579E+00
  0.2850814871154997E+00
  0.2249402230197712E+00
  0.1639287088996861E+00
  0.1022829864508375E+00
  0.4024155099763959E-01
 -0.2195557119875333E-01
 -0.8406775155542641E-01
 -0.1458546901129367E+00
