           BREAK
 -0.8472551175219064E+00
 -0.8786398376768810E+00
 -0.9066252708775057E+00
 -0.9311031469674824E+00
 -0.9519787658283922E+00
 -0.9691713637631965E+00
 -0.9826144259599660E+00
 -0.9922559438277518E+00
 -0.9980586162095917E+00
 -0.9999999936945693E+00
 -0.9980725654708855E+00
 -0.9922837883841022E+00
 -0.9826560580882524E+00
 -0.9692266224015003E+00
 -0.9520474372016099E+00
 -0.9311849654187608E+00
 -0.9067199199033877E+00
 -0.8787469511638346E+00
 -0.8473742811819289E+00
 -0.8127232847231520E+00
 -0.7749280197612517E+00
 -0.7341347088339850E+00
 -0.6905011733365271E+00
 -0.6441962229411512E+00
 -0.5953990025054038E+00
 -0.5442982989954519E+00
 -0.4910918111059849E+00
 -0.4359853844023736E+00
 -0.3791922149441642E+00
 -0.3209320244709422E+00
 -0.2614302103416050E+00
 -0.2009169735157695E+00
 -0.1396264279509782E+00
 -0.7779569486127901E-01
 -0.1566398534131242E-01
  0.4652832509494117E-01
  0.1085406264803298E+00
  0.1701330052677494E+00
  0.2310671725090502E+00
  0.2911073857486838E+00
  0.3500213610654698E+00
  0.4075811717339598E+00
  0.4635641300286592E+00
  0.5177536487595775E+00
  0.5699400792059898E+00
  0.6199215222066109E+00
  0.6675046092682244E+00
  0.7125052506708227E+00
  0.7547493476749679E+00
  0.7940734660759921E+00
  0.8303254684991883E+00
  0.8633651029897562E+00
  0.8930645456203691E+00
  0.9193088950171159E+00
  0.9419966168905968E+00
  0.9610399368523631E+00
  0.9763651799969744E+00
  0.9879130559358956E+00
  0.9956388881804931E+00
  0.9995127869866872E+00
  0.9995197649925681E+00
  0.9956597952015871E+00
  0.9879478110869998E+00
  0.9764136488171601E+00
  0.9611019318251816E+00
  0.9420718981695416E+00
  0.9193971713535438E+00
  0.8931654754902834E+00
  0.8634782959150976E+00
  0.8304504865585183E+00
  0.7942098255987257E+00
  0.7548965211126033E+00
  0.7126626686379196E+00
  0.6676716627452493E+00
  0.6200975648961139E+00
  0.5701244300330048E+00
  0.5179455945065679E+00
  0.4637629280948194E+00
  0.4077860530081909E+00
  0.3502315329019236E+00
  0.2913220350333550E+00
  0.2312854688055551E+00
  0.1703541040301248E+00
  0.1087636723204171E+00
  0.4675245509171429E-01
 -0.1543963830326880E-01
 -0.7757199873707238E-01
 -0.1394042481774564E+00
 -0.2006971696633134E+00
 -0.2612136327886195E+00
 -0.3207195111139063E+00
 -0.3789845879559710E+00
 -0.4357834470515061E+00
 -0.4908963446488239E+00
 -0.5441100596537464E+00
 -0.5952187185405989E+00
 -0.6440245918368839E+00
 -0.6903388591001963E+00
 -0.7339823394278400E+00
 -0.7747861846729233E+00
