           BREAK
 -0.8869949277911243E+00
 -0.9139877656645302E+00
 -0.9374445623751105E+00
 -0.9572745681581550E+00
 -0.9734010645879996E+00
 -0.9857616613908287E+00
 -0.9943085378231471E+00
 -0.9990086276825683E+00
 -0.9998437472355014E+00
 -0.9968106655670514E+00
 -0.9899211170811093E+00
 -0.9792017561023856E+00
 -0.9646940537560827E+00
 -0.9464541375241988E+00
 -0.9245525740992133E+00
 -0.8990740963752628E+00
 -0.8701172756330315E+00
 -0.8377941401866138E+00
 -0.8022297419677290E+00
 -0.7635616727240909E+00
 -0.7219395317036646E+00
 -0.6775243468842399E+00
 -0.6304879519874703E+00
 -0.5810123216875815E+00
 -0.5292888675867118E+00
 -0.4755176976806080E+00
 -0.4199068421796636E+00
 -0.3626714486804480E+00
 -0.3040329498014508E+00
 -0.2442182065032996E+00
 -0.1834586304077727E+00
 -0.1219892885111915E+00
 -0.6004799375587739E-01
  0.2125615021923218E-02
  0.6429100020814181E-01
  0.1262076560041874E+00
  0.1876360388971602E+00
  0.2483384944071666E+00
  0.3080801765263340E+00
  0.3666299562923910E+00
  0.4237613159817235E+00
  0.4792532254624427E+00
  0.5328909973170233E+00
  0.5844671174262198E+00
  0.6337820478008769E+00
  0.6806449985556486E+00
  0.7248746660379984E+00
  0.7662999342568102E+00
  0.8047605368969172E+00
  0.8401076773583365E+00
  0.8722046044214145E+00
  0.9009271413107226E+00
  0.9261641661108835E+00
  0.9478180416756709E+00
  0.9658049933671616E+00
  0.9800554331635359E+00
  0.9905142288816140E+00
  0.9971409174725635E+00
  0.9999098615655738E+00
  0.9988103486538636E+00
  0.9938466325392893E+00
  0.9850379168752117E+00
  0.9724182808712905E+00
  0.9560365474476433E+00
  0.9359560943484543E+00
  0.9122546089457906E+00
  0.8850237876822546E+00
  0.8543689813152601E+00
  0.8204087873354173E+00
  0.7832745911358836E+00
  0.7431100577077976E+00
  0.7000705758283424E+00
  0.6543226568917491E+00
  0.6060432907090639E+00
  0.5554192607689518E+00
  0.5026464216086614E+00
  0.4479289410908734E+00
  0.3914785105179014E+00
  0.3335135256391643E+00
  0.2742582417204648E+00
  0.2139419059439277E+00
  0.1527978704951865E+00
  0.9106268976911278E-01
  0.2897520518681706E-01
 -0.3322437883541534E-01
 -0.9529542419033911E-01
 -0.1569977900618461E+00
 -0.2180927619831237E+00
 -0.2783439753765569E+00
 -0.3375183300023616E+00
 -0.3953868917781255E+00
 -0.4517257784802986E+00
 -0.5063170259010294E+00
 -0.5589494311093335E+00
 -0.6094193695542069E+00
 -0.6575315828484621E+00
 -0.7030999341854882E+00
 -0.7459481284663969E+00
 -0.7859103943515166E+00
 -0.8228321255974959E+00
