 -0.7775727272180710E+00
 -0.8151604225687610E+00
 -0.8495944202991558E+00
 -0.8807415020812771E+00
 -0.9084811659820047E+00
 -0.9327060926770521E+00
 -0.9533225606590116E+00
 -0.9702508088345981E+00
 -0.9834253451093513E+00
 -0.9927951997667205E+00
 -0.9983241226618013E+00
 -0.9999907234671912E+00
 -0.9977885544286509E+00
 -0.9917261353105670E+00
 -0.9818269204348260E+00
 -0.9681292079406885E+00
 -0.9506859916167690E+00
 -0.9295647558783745E+00
 -0.9048472146834142E+00
 -0.8766289953969654E+00
 -0.8450192688275767E+00
 -0.8101403268666135E+00
 -0.7721271093646909E+00
 -0.7311266820756007E+00
 -0.6872976676874863E+00
 -0.6408096321424741E+00
 -0.5918424286189873E+00
 -0.5405855017147365E+00
 -0.4872371545223753E+00
 -0.4320037814333585E+00
 -0.3750990696381360E+00
 -0.3167431724119257E+00
 -0.2571618573844605E+00
 -0.1965856330888872E+00
 -0.1352488571690319E+00
 -0.7338882969520594E-01
 -0.1124487509633140E-01
  0.5094258373978090E-01
  0.1129329556158775E+00
  0.1744864118258647E+00
  0.2353648140054832E+00
  0.2953326354433765E+00
  0.3541578722881805E+00
  0.4116129411263559E+00
  0.4674755594582021E+00
  0.5215296056656672E+00
  0.5735659551449006E+00
  0.6233832893687238E+00
  0.6707888747488977E+00
  0.7155993082849365E+00
  0.7576412271146857E+00
  0.7967519792215602E+00
  0.8327802527035936E+00
  0.8655866611697962E+00
  0.8950442829990205E+00
  0.9210391523750586E+00
  0.9434707001982460E+00
  0.9622521431677664E+00
  0.9773108195293901E+00
  0.9885884701896799E+00
  0.9960414641091078E+00
  0.9996409671020727E+00
  0.9993730533907592E+00
  0.9952387594812693E+00
  0.9872540801535821E+00
  0.9754499065808545E+00
  0.9598719068174767E+00
  0.9405803491182394E+00
  0.9176498687721641E+00
  0.8911691793530702E+00
  0.8612407295039912E+00
  0.8279803065832775E+00
  0.7915165887057998E+00
  0.7519906469123220E+00
  0.7095553993930500E+00
  0.6643750198768580E+00
  0.6166243024750292E+00
  0.5664879854367941E+00
  0.5141600364329311E+00
  0.4598429021325328E+00
  0.4037467249761716E+00
  0.3460885301756184E+00
  0.2870913860854614E+00
  0.2269835411949779E+00
  0.1659975410790652E+00
  0.1043693287245953E+00
  0.4233733171282591E-01
 -0.1985846021058505E-01
 -0.8197742360928789E-01
 -0.1437792322815706E+00
 -0.2050247870357446E+00
 -0.2654771407184660E+00
 -0.3249024149172481E+00
 -0.3830707047905952E+00
 -0.4397569685251755E+00
 -0.4947418979788826E+00
 -0.5478127671414266E+00
 -0.5987642551299431E+00
 -0.6473992405356100E+00
 -0.6935295640480732E+00
