           BREAK
  0.7638772159802982E+00
  0.7222584643425543E+00
  0.6778489685881672E+00
  0.6308197728630277E+00
  0.5813522147036714E+00
  0.5296371925916625E+00
  0.4758744022017407E+00
  0.4202715433162378E+00
  0.3630434996505470E+00
  0.3044114940741534E+00
  0.2446022219212550E+00
  0.1838469652664237E+00
  0.1223806911959710E+00
  0.6044113723614895E-01
 -0.1732112793435407E-02
 -0.6389855914761999E-01
 -0.1258177193269190E+00
 -0.1872500605901344E+00
 -0.2479579283211531E+00
 -0.3077064667558819E+00
 -0.3662645285859727E+00
 -0.4234055699835526E+00
 -0.4789085276349064E+00
 -0.5325586744303841E+00
 -0.5841484505319746E+00
 -0.6334782666285297E+00
 -0.6803572762907644E+00
 -0.7246041144533630E+00
 -0.7660475991791093E+00
 -0.8045273939992540E+00
 -0.8398946282747177E+00
 -0.8720124731834126E+00
 -0.9007566711093473E+00
 -0.9260160163884230E+00
 -0.9476927855532475E+00
 -0.9657031154140717E+00
 -0.9799773275143191E+00
 -0.9904601977063021E+00
 -0.9971111698047970E+00
 -0.9999045124923135E+00
 -0.9988294188693110E+00
 -0.9938900482644156E+00
 -0.9851055101430158E+00
 -0.9725097901765628E+00
 -0.9561516187586636E+00
 -0.9360942824766708E+00
 -0.9124153792681754E+00
 -0.8852065182096582E+00
 -0.8545729650987690E+00
 -0.8206332352014025E+00
 -0.7835186347391562E+00
 -0.7433727528910687E+00
 -0.7003509062749813E+00
 -0.6546195380577187E+00
 -0.6063555740188066E+00
 -0.5557457380590063E+00
 -0.5029858298018164E+00
 -0.4482799670827651E+00
 -0.3918397962571594E+00
 -0.3338836733814502E+00
 -0.2746358194360723E+00
 -0.2143254528580258E+00
 -0.1531859027392761E+00
 -0.9145370612182326E-01
 -0.2936769288184027E-01
  0.3283193825672381E-01
  0.9490454900434078E-01
  0.1566099924887015E+00
  0.2177095423363074E+00
  0.2779668162584348E+00
  0.3371486905682923E+00
  0.3950262020912684E+00
  0.4513754339789839E+00
  0.5059783820000707E+00
  0.5586237979561959E+00
  0.6091080069603032E+00
  0.6572356954151802E+00
  0.7028206666438255E+00
  0.7456865612482212E+00
  0.7856675394095797E+00
  0.8226089224903859E+00
  0.8563677914560012E+00
  0.8868135398006366E+00
  0.9138283788385572E+00
  0.9373077934056228E+00
  0.9571609462081517E+00
  0.9733110292547685E+00
  0.9856955610115956E+00
  0.9942666281311742E+00
  0.9989910708198949E+00
  0.9998506111268001E+00
  0.9968419236574225E+00
  0.9899766484390906E+00
  0.9792813458879287E+00
  0.9647973940517607E+00
  0.9465808285264825E+00
  0.9247021256652331E+00
  0.8992459299190683E+00
  0.8703107263640251E+00
  0.8380084596814996E+00
