 -0.5062202489420600E+00
 -0.5588563831079640E+00
 -0.6093304066839962E+00
 -0.6574470467350160E+00
 -0.7030201501934262E+00
 -0.7458734041638868E+00
 -0.7858410181268460E+00
 -0.8227683654096321E+00
 -0.8565125814495046E+00
 -0.8869431165387760E+00
 -0.9139422409169987E+00
 -0.9374055002587427E+00
 -0.9572421197966580E+00
 -0.9733753555177610E+00
 -0.9857427910752368E+00
 -0.9942965792677820E+00
 -0.9990036271527550E+00
 -0.9998457240773172E+00
 -0.9968196121324792E+00
 -0.9899369987576250E+00
 -0.9792245114468685E+00
 -0.9647235947325253E+00
 -0.9464903498443024E+00
 -0.9245953176645458E+00
 -0.8991232058192740E+00
 -0.8701725609608227E+00
 -0.8378553875099923E+00
 -0.8022967143326990E+00
 -0.7636341110275821E+00
 -0.7220171556959537E+00
 -0.6776068562531810E+00
 -0.6305750275203428E+00
 -0.5811036265060652E+00
 -0.5293840484502017E+00
 -0.4756163863528333E+00
 -0.4200086568533237E+00
 -0.3627759954543495E+00
 -0.3041398242044360E+00
 -0.2443269950590650E+00
 -0.1835689122345303E+00
 -0.1221006369499779E+00
 -0.6015997802121366E-01
  0.2013428175404206E-02
  0.6417904480955482E-01
  0.1260963651872205E+00
  0.1875258432243647E+00
  0.2482298202041927E+00
  0.3079734442325607E+00
  0.3665255788343294E+00
  0.4236596971754812E+00
  0.4791547584514393E+00
  0.5327960630509962E+00
  0.5843760831874016E+00
  0.6336952657830522E+00
  0.6805628045015856E+00
  0.7247973779405245E+00
  0.7662278511285608E+00
  0.8046939376135106E+00
  0.8400468195794637E+00
  0.8721497235939982E+00
  0.9008784497580231E+00
  0.9261218522110588E+00
  0.9477822691329791E+00
  0.9657759005786215E+00
  0.9800331326834942E+00
  0.9904988069862959E+00
  0.9971324338262854E+00
  0.9999083489899158E+00
  0.9988158130006869E+00
  0.9938590526680978E+00
  0.9850572447349391E+00
  0.9724444416862028E+00
  0.9560694400066302E+00
  0.9359955913965944E+00
  0.9123005576766777E+00
  0.8850760103291757E+00
  0.8544272758389388E+00
  0.8204729282056672E+00
  0.7833443302041366E+00
  0.7431851251671477E+00
  0.7001506812573725E+00
  0.6544074903781155E+00
  0.6061325240484885E+00
  0.5555125487349796E+00
  0.5027434032882744E+00
  0.4480292412807945E+00
  0.3915817411761792E+00
  0.3336192873864372E+00
  0.2743661253850792E+00
  0.2140514941449425E+00
  0.1529087392571414E+00
  0.9117441016230764E-01
  0.2908734498675188E-01
 -0.3311225347584075E-01
 -0.9518374706235815E-01
 -0.1568869932225719E+00
 -0.2179832740840036E+00
 -0.2782362200050023E+00
 -0.3374127240429720E+00
 -0.3952838437998407E+00
