           BREAK
 -0.8678191854375051E+00
 -0.8970313310395474E+00
 -0.9227730366058822E+00
 -0.9449447125132358E+00
 -0.9634605808752909E+00
 -0.9782490074061158E+00
 -0.9892527785628134E+00
 -0.9964293228958221E+00
 -0.9997508757509396E+00
 -0.9992045866861833E+00
 -0.9947925691881142E+00
 -0.9865318924954113E+00
 -0.9744545155614341E+00
 -0.9586071634112943E+00
 -0.9390511463718322E+00
 -0.9158621228738786E+00
 -0.8891298067444813E+00
 -0.8589576201215374E+00
 -0.8254622933336264E+00
 -0.7887734132930503E+00
 -0.7490329221492390E+00
 -0.7063945681421535E+00
 -0.6610233107802136E+00
 -0.6130946826440040E+00
 -0.5627941102848232E+00
 -0.5103161968453789E+00
 -0.4558639691780308E+00
 -0.3996480923733447E+00
 -0.3418860547377773E+00
 -0.2828013263736735E+00
 -0.2226224946168494E+00
 -0.1615823796766004E+00
 -0.9991713389953800E-01
 -0.3786532814203951E-01
  0.2433297121404997E-01
  0.8643713103161035E-01
  0.1482068823811086E+00
  0.2094032500944097E+00
  0.2697894773132776E+00
  0.3291319414556640E+00
  0.3872010580560959E+00
  0.4437721689833701E+00
  0.4986264115992185E+00
  0.5515515654953399E+00
  0.6023428735329315E+00
  0.6508038340082801E+00
  0.6967469608796809E+00
  0.7399945091145113E+00
  0.7803791623502305E+00
  0.8177446802088825E+00
  0.8519465027607672E+00
  0.8828523097987230E+00
  0.9103425327593050E+00
  0.9343108173103265E+00
  0.9546644348151101E+00
  0.9713246410815709E+00
  0.9842269810081942E+00
  0.9933215379483046E+00
  0.9985731268278758E+00
  0.9999614302697432E+00
  0.9974810771975922E+00
  0.9911416636156073E+00
  0.9809677154833983E+00
  0.9669985938298237E+00
  0.9492883424728200E+00
  0.9279054789343664E+00
  0.9029327293595060E+00
  0.8744667084649568E+00
  0.8426175457555464E+00
  0.8075084594545507E+00
  0.7692752797963232E+00
  0.7280659235255110E+00
  0.6840398216358975E+00
  0.6373673025628673E+00
  0.5882289332157756E+00
  0.5368148203996518E+00
  0.4833238753289067E+00
  0.4279630440784850E+00
  0.3709465069496996E+00
  0.3124948498482612E+00
  0.2528342108802568E+00
  0.1921954054677484E+00
  0.1308130333687469E+00
  0.6892457105632400E-01
  0.6769452968266637E-02
 -0.5541185481824106E-01
 -0.1173787849031633E+00
 -0.1788915992721422E+00
 -0.2397123167963058E+00
 -0.2996056339350238E+00
 -0.3583398350795930E+00
 -0.4156876890159112E+00
 -0.4714273280379066E+00
 -0.5253431063105848E+00
 -0.5772264341618730E+00
 -0.6268765850755444E+00
 -0.6741014722631092E+00
 -0.7187183918102844E+00
 -0.7605547295229478E+00
 -0.7994486287379179E+00
