           BREAK
  0.8130394475483480E+00
  0.7752431481124481E+00
  0.7344523985068714E+00
  0.6908239825227890E+00
  0.6445258705899153E+00
  0.5957365299894406E+00
  0.5446442016816408E+00
  0.4914461453181236E+00
  0.4363478543269592E+00
  0.3795622432410807E+00
  0.3213088096890746E+00
  0.2618127736854138E+00
  0.2013041970464883E+00
  0.1400170859212744E+00
  0.7818847956289446E-01
  0.1605752858110009E-01
 -0.4613543399295397E-01
 -0.1081498254281270E+00
 -0.1697457463495288E+00
 -0.2306849106476662E+00
 -0.2907315687465901E+00
 -0.3496534207428867E+00
 -0.4072225159501494E+00
 -0.4632161354227897E+00
 -0.5174176540879012E+00
 -0.5696173791839579E+00
 -0.6196133617895689E+00
 -0.6672121783238508E+00
 -0.7122296790115122E+00
 -0.7544917004298496E+00
 -0.7938347393908848E+00
 -0.8301065855591406E+00
 -0.8631669103633679E+00
 -0.8928878099282339E+00
 -0.9191542999287456E+00
 -0.9418647604553559E+00
 -0.9609313291704480E+00
 -0.9762802412364586E+00
 -0.9878521147014624E+00
 -0.9956021802387860E+00
 -0.9995004543522972E+00
 -0.9995318553776038E+00
 -0.9956962618305810E+00
 -0.9880085128776426E+00
 -0.9764983509260299E+00
 -0.9612103065562809E+00
 -0.9422035262420871E+00
 -0.9195515435240885E+00
 -0.8933419945228833E+00
 -0.8636762788919061E+00
 -0.8306691675218607E+00
 -0.7944483585144391E+00
 -0.7551539831431771E+00
 -0.7129380637127776E+00
 -0.6679639254143463E+00
 -0.6204055644519606E+00
 -0.5704469748851526E+00
 -0.5182814367916434E+00
 -0.4641107685042629E+00
 -0.4081445458150331E+00
 -0.3505992911671387E+00
 -0.2916976359716584E+00
 -0.2316674592898843E+00
 -0.1707410062135046E+00
 -0.1091539893534615E+00
 -0.4714467691364884E-01
  0.1504702912247811E-01
  0.7718052112607547E-01
  0.1390154166870798E+00
  0.2003124886070560E+00
  0.2608345904227575E+00
  0.3203475738797156E+00
  0.3786211948063570E+00
  0.4354300038839677E+00
  0.4905542188663130E+00
  0.5437805748744535E+00
  0.5949031494771276E+00
  0.6437241593646355E+00
  0.6900547255340448E+00
  0.7337156040253533E+00
  0.7745378793815550E+00
  0.8123636181497268E+00
  0.8470464798948738E+00
  0.8784522833626459E+00
  0.9064595256005450E+00
  0.9309598520292395E+00
  0.9518584756453871E+00
  0.9690745437341330E+00
  0.9825414506725583E+00
  0.9922070956138971E+00
  0.9980340840555881E+00
  0.9999998725113430E+00
  0.9980968557275147E+00
  0.9923323961063469E+00
  0.9827287952222670E+00
  0.9693232075414331E+00
  0.9521674966783152E+00
  0.9313280347454526E+00
  0.9068854455726387E+00
  0.8789342927889917E+00
