 -0.6058201618477211E+00
 -0.6541105296743043E+00
 -0.6998702691934197E+00
 -0.7429223454676541E+00
 -0.7831001987841283E+00
 -0.8202483891028763E+00
 -0.8542231974677249E+00
 -0.8848931820576585E+00
 -0.9121396867309830E+00
 -0.9358573000974787E+00
 -0.9559542633444422E+00
 -0.9723528252402446E+00
 -0.9849895429429969E+00
 -0.9938155274512914E+00
 -0.9987966327479325E+00
 -0.9999135879052560E+00
 -0.9971620716411943E+00
 -0.9905527290378010E+00
 -0.9801111303576668E+00
 -0.9658776721176219E+00
 -0.9479074208024938E+00
 -0.9262698998235857E+00
 -0.9010488205461050E+00
 -0.8723417584261506E+00
 -0.8402597755102270E+00
 -0.8049269907577613E+00
 -0.7664800998489602E+00
 -0.7250678463357797E+00
 -0.6808504461820188E+00
 -0.6339989679188816E+00
 -0.5846946708140611E+00
 -0.5331283036148496E+00
 -0.4794993665782875E+00
 -0.4240153396434271E+00
 -0.3668908797317538E+00
 -0.3083469902812593E+00
 -0.2486101662270707E+00
 -0.1879115177365487E+00
 -0.1264858760889471E+00
 -0.6457088515881390E-01
 -0.2406082018005789E-02
  0.5976802978670787E-01
  0.1217109106951442E+00
  0.1831829157345384E+00
  0.2439462216593867E+00
  0.3037657470433828E+00
  0.3624100617637857E+00
  0.4196522823596088E+00
  0.4752709497996515E+00
  0.5290508862644697E+00
  0.5807840276275587E+00
  0.6302702284150360E+00
  0.6773180361296002E+00
  0.7217454319430490E+00
  0.7633805348917658E+00
  0.8020622668507771E+00
  0.8376409757137250E+00
  0.8699790143677945E+00
  0.8989512732236528E+00
  0.9244456642401464E+00
  0.9463635545711553E+00
  0.9646201481569165E+00
  0.9791448137835034E+00
  0.9898813583412711E+00
  0.9967882442250856E+00
  0.9998387500352419E+00
  0.9990210739573743E+00
  0.9943383794213807E+00
  0.9858087828627264E+00
  0.9734652836334775E+00
  0.9573556363342137E+00
  0.9375421660607619E+00
  0.9141015272805020E+00
  0.8871244072711284E+00
  0.8567151752691884E+00
  0.8229914786857808E+00
  0.7860837879515795E+00
  0.7461348917520819E+00
  0.7032993446059227E+00
  0.6577428689234691E+00
  0.6096417138590087E+00
  0.5591819734370082E+00
  0.5065588665904885E+00
  0.4519759818968979E+00
  0.3956444899334500E+00
  0.3377823262991931E+00
  0.2786133484645071E+00
  0.2183664697100446E+00
  0.1572747735057156E+00
  0.9557461175602180E-01
  0.3350469040045527E-01
 -0.2869485409340646E-01
 -0.9078338377125079E-01
 -0.1525206901735176E+00
 -0.2136679236552681E+00
 -0.2739885174490657E+00
 -0.3332491028958330E+00
 -0.3912204123028626E+00
 -0.4476781659359833E+00
 -0.5024039397142753E+00
