  0.2272050310991220E+00
  0.1662209425124254E+00
  0.1045940080793492E+00
  0.4256259168800765E-01
 -0.1963336372874229E-01
 -0.8175326772043001E-01
 -0.1435568156569201E+00
 -0.2048049204059670E+00
 -0.2652606388593770E+00
 -0.3246900898150339E+00
 -0.3828633597376700E+00
 -0.4395553929535702E+00
 -0.4945468628826424E+00
 -0.5476250209749791E+00
 -0.5985845200974057E+00
 -0.6472282092079953E+00
 -0.6933678962625450E+00
 -0.7368250764158105E+00
 -0.7774316227113249E+00
 -0.8150304365962032E+00
 -0.8494760557507293E+00
 -0.8806352168860890E+00
 -0.9083873713366162E+00
 -0.9326251514545976E+00
 -0.9532547860052821E+00
 -0.9701964629565200E+00
 -0.9833846382605457E+00
 -0.9927682894340651E+00
 -0.9983111129561394E+00
 -0.9999916647205440E+00
 -0.9978034429994915E+00
 -0.9917549135979074E+00
 -0.9818694771010616E+00
 -0.9681853783423464E+00
 -0.9507555584414769E+00
 -0.9296474499856023E+00
 -0.9049427161457256E+00
 -0.8767369347377552E+00
 -0.8451392284505049E+00
 -0.8102718426712037E+00
 -0.7722696725418433E+00
 -0.7312797410760790E+00
 -0.6874606303557517E+00
 -0.6409818680076217E+00
 -0.5920232713339137E+00
 -0.5407742516341100E+00
 -0.4874330814094260E+00
 -0.4322061272850222E+00
 -0.3753070516176215E+00
 -0.3169559858773591E+00
 -0.2573786790018864E+00
 -0.1968056240175892E+00
 -0.1354711663068438E+00
 -0.7361259697126109E-01
 -0.1146923479850914E-01
  0.5071849961558246E-01
  0.1127100140076028E+00
  0.1742654752512857E+00
  0.2351467372252865E+00
  0.2951182621542592E+00
  0.3539480318587528E+00
  0.4114084453884738E+00
  0.4672771995661489E+00
  0.5213381490353300E+00
  0.5733821424847891E+00
  0.6232078318143112E+00
  0.6706224511113754E+00
  0.7154425624250282E+00
  0.7574947654516733E+00
  0.7966163683871640E+00
  0.8326560173497881E+00
  0.8654742819390293E+00
  0.8949441946647057E+00
  0.9209517421595175E+00
  0.9433963062746205E+00
  0.9621910533516959E+00
  0.9772632701655045E+00
  0.9885546452372309E+00
  0.9960214944302658E+00
  0.9996349299556446E+00
  0.9993809721332925E+00
  0.9952606034766875E+00
  0.9872897648917099E+00
  0.9754992940043735E+00
  0.9599348058560392E+00
  0.9406565164276842E+00
  0.9177390096759679E+00
  0.8912709489823935E+00
  0.8613547341319083E+00
  0.8281061051480305E+00
  0.7916536945171797E+00
  0.7521385295345813E+00
  0.7097134866970501E+00
  0.6645427002535311E+00
  0.6168009272015739E+00
  0.5666728711864546E+00
  0.5143524679186595E+00
  0.4600421348742950E+00
  0.4039519881811928E+00
  0.3462990297204355E+00
