 -0.9999999999999838E+00
 -0.9980655971336065E+00
 -0.9922698723632734E+00
 -0.9826352482222551E+00
 -0.9691989991996632E+00
 -0.9520131075327342E+00
 -0.9311440620976666E+00
 -0.9066726011770776E+00
 -0.8786934000992692E+00
 -0.8473147049577727E+00
 -0.8126579138282436E+00
 -0.7748571071028831E+00
 -0.7340585287594560E+00
 -0.6904200205717466E+00
 -0.6441104114504009E+00
 -0.5953088642766712E+00
 -0.5442041827560324E+00
 -0.4909940809733259E+00
 -0.4358844184753722E+00
 -0.3790884038403777E+00
 -0.3208257698153639E+00
 -0.2613219232128552E+00
 -0.2008070728557135E+00
 -0.1395153389439193E+00
 -0.7768384728900450E-01
 -0.1555181192035138E-01
  0.4664039038741481E-01
  0.1086521500854701E+00
  0.1702435557223936E+00
  0.2311763221149649E+00
  0.2912147122272487E+00
  0.3501264491913891E+00
  0.4076836149416893E+00
  0.4636635319853296E+00
  0.5178496248983295E+00
  0.5700322582137874E+00
  0.6200095474607796E+00
  0.6675881402161569E+00
  0.7125839641475088E+00
  0.7548229391532569E+00
  0.7941416508447515E+00
  0.8303879827647942E+00
  0.8634217048966591E+00
  0.8931150161867868E+00
  0.9193530389822321E+00
  0.9420342634699863E+00
  0.9610709403987236E+00
  0.9763894205636077E+00
  0.9879304397407591E+00
  0.9956493479690224E+00
  0.9995162822919925E+00
  0.9995162822919925E+00
  0.9956493479690224E+00
  0.9879304397407591E+00
  0.9763894205636079E+00
  0.9610709403987236E+00
  0.9420342634699863E+00
  0.9193530389822323E+00
  0.8931150161867870E+00
  0.8634217048966591E+00
  0.8303879827647942E+00
  0.7941416508447517E+00
  0.7548229391532574E+00
  0.7125839641475088E+00
  0.6675881402161571E+00
  0.6200095474607796E+00
  0.5700322582137877E+00
  0.5178496248983295E+00
  0.4636635319853296E+00
  0.4076836149416899E+00
  0.3501264491913891E+00
  0.2912147122272493E+00
  0.2311763221149653E+00
  0.1702435557223936E+00
  0.1086521500854706E+00
  0.4664039038741492E-01
 -0.1555181192035141E-01
 -0.7768384728900371E-01
 -0.1395153389439189E+00
 -0.2008070728557135E+00
 -0.2613219232128551E+00
 -0.3208257698153635E+00
 -0.3790884038403780E+00
 -0.4358844184753719E+00
 -0.4909940809733259E+00
 -0.5442041827560320E+00
 -0.5953088642766711E+00
 -0.6441104114504009E+00
 -0.6904200205717462E+00
 -0.7340585287594560E+00
 -0.7748571071028831E+00
 -0.8126579138282430E+00
 -0.8473147049577727E+00
 -0.8786934000992692E+00
 -0.9066726011770775E+00
 -0.9311440620976666E+00
 -0.9520131075327342E+00
 -0.9691989991996631E+00
 -0.9826352482222551E+00
 -0.9922698723632736E+00
