           BREAK
 -0.6524374760078616E+00
 -0.6982901986171787E+00
 -0.7414413709500506E+00
 -0.7817240499160779E+00
 -0.8189823899292650E+00
 -0.8530722458884112E+00
 -0.8838617308775407E+00
 -0.9112317264323319E+00
 -0.9350763434011116E+00
 -0.9553033316194018E+00
 -0.9718344368145208E+00
 -0.9846057033604845E+00
 -0.9935677217126538E+00
 -0.9986858195653766E+00
 -0.9999401959934334E+00
 -0.9973259980585714E+00
 -0.9908533395849112E+00
 -0.9805472620307016E+00
 -0.9664476376078651E+00
 -0.9486090150241895E+00
 -0.9271004084449871E+00
 -0.9020050304906960E+00
 -0.8734199703034163E+00
 -0.8414558179278749E+00
 -0.8062362364600296E+00
 -0.7678974836185701E+00
 -0.7265878845902779E+00
 -0.6824672581886922E+00
 -0.6357062985461694E+00
 -0.5864859147314458E+00
 -0.5349965308475938E+00
 -0.4814373493181635E+00
 -0.4260155802117005E+00
 -0.3689456395862475E+00
 -0.3104483199552677E+00
 -0.2507499360843050E+00
 -0.1900814494231183E+00
 -0.1286775745607036E+00
 -0.6677587116014451E-01
 -0.4615824886428138E-02
  0.5756207911707076E-01
  0.1195172866188902E+00
  0.1810101049570688E+00
  0.2418026303634939E+00
  0.3016596683673605E+00
  0.3603496437168904E+00
  0.4176454962989916E+00
  0.4733255595907284E+00
  0.5271744182440342E+00
  0.5789837414858450E+00
  0.6285530891093897E+00
  0.6756906869384116E+00
  0.7202141687641983E+00
  0.7619512818850177E+00
  0.8007405535183573E+00
  0.8364319155077512E+00
  0.8688872849073228E+00
  0.8979810981978789E+00
  0.9236007970677719E+00
  0.9456472638791403E+00
  0.9640352051347959E+00
  0.9786934814621948E+00
  0.9895653828378470E+00
  0.9966088479873845E+00
  0.9997966271124575E+00
  0.9991163873149110E+00
  0.9945707603103747E+00
  0.9861773322466626E+00
  0.9739685756663853E+00
  0.9579917238769924E+00
  0.9383085882142779E+00
  0.9149953189063351E+00
  0.8881421104631122E+00
  0.8578528527313792E+00
  0.8242447289650918E+00
  0.7874477624661447E+00
  0.7476043135494794E+00
  0.7048685287786799E+00
  0.6594057446028627E+00
  0.6113918477020758E+00
  0.5610125945159051E+00
  0.5084628925878906E+00
  0.4539460465061094E+00
  0.3976729713572188E+00
  0.3398613767369562E+00
  0.2807349244740136E+00
  0.2205223633258654E+00
  0.1594566439942701E+00
  0.9777401788425653E-01
  0.3571312309333295E-01
 -0.2648593883295089E-01
 -0.8858253180723726E-01
 -0.1503364161746426E+00
 -0.2115086781533022E+00
 -0.2718626541453830E+00
 -0.3311648463425710E+00
 -0.3891858260837244E+00
 -0.4457011214697953E+00
 -0.5004920858020042E+00
 -0.5533467434834339E+00
