           BREAK
 -0.9610554401182091E+00
 -0.9763773018088612E+00
 -0.9879217493900431E+00
 -0.9956441196404797E+00
 -0.9995145362117158E+00
 -0.9995180252147721E+00
 -0.9956545731517124E+00
 -0.9879391269681380E+00
 -0.9764015362264942E+00
 -0.9610864376239773E+00
 -0.9420530823018523E+00
 -0.9193751066142996E+00
 -0.8931402472436695E+00
 -0.8634500017642974E+00
 -0.8304192359681051E+00
 -0.7941757394711656E+00
 -0.7548597313205023E+00
 -0.7126233175138397E+00
 -0.6676299025310454E+00
 -0.6200535571539413E+00
 -0.5700783450202687E+00
 -0.5178976105172278E+00
 -0.4637132307696077E+00
 -0.4077348346164051E+00
 -0.3501789915975718E+00
 -0.2912683740885363E+00
 -0.2312308958240418E+00
 -0.1702988301441815E+00
 -0.1087079113739691E+00
 -0.4669642281303198E-01
  0.1549572513618613E-01
  0.7762792313516355E-01
  0.1394597937800903E+00
  0.2007521215753451E+00
  0.2612677784117762E+00
  0.3207726409692895E+00
  0.3790364964944919E+00
  0.4358339334491119E+00
  0.4909452135834504E+00
  0.5441571220609799E+00
  0.5952637923451289E+00
  0.6440675026569175E+00
  0.6903794409221088E+00
  0.7340204352484454E+00
  0.7748216471068911E+00
  0.8126252245351046E+00
  0.8472849128360094E+00
  0.8786666204088105E+00
  0.9066489375233452E+00
  0.9311236060307430E+00
  0.9519959381931731E+00
  0.9691851830123093E+00
  0.9826248386392512E+00
  0.9922629096572630E+00
  0.9980621082419358E+00
  0.9999999984205402E+00
  0.9980690828724430E+00
  0.9922768319347864E+00
  0.9826456547012042E+00
  0.9692128123253919E+00
  0.9520302738649405E+00
  0.9311645152231514E+00
  0.9066962619666769E+00
  0.8787201770139875E+00
  0.8473444944029302E+00
  0.8126906005542620E+00
  0.7748925646511678E+00
  0.7340966199516380E+00
  0.6904605980404023E+00
  0.6441533182091874E+00
  0.5953539343276737E+00
  0.5442512417319816E+00
  0.4910429468121856E+00
  0.4359349021247053E+00
  0.3791403099887529E+00
  0.3208788976479754E+00
  0.2613760671884398E+00
  0.2008620235017474E+00
  0.1395708836670274E+00
  0.7773977119744364E-01
  0.1560789865538538E-01
 -0.4658435781446810E-01
 -0.1085963884537501E+00
 -0.1701882807628190E+00
 -0.2311217476756174E+00
 -0.2911610494460314E+00
 -0.3500739056791793E+00
 -0.4076323939791285E+00
 -0.4636138317363712E+00
 -0.5178016376435813E+00
 -0.5699861696066157E+00
 -0.6199655358090503E+00
 -0.6675463757924011E+00
 -0.7125446085301677E+00
 -0.7547861446015683E+00
 -0.7941075597096904E+00
 -0.8303567269383415E+00
 -0.8633934053015373E+00
 -0.8930897823086326E+00
 -0.9193309684460155E+00
