 -0.7899922396965218E+00
 -0.8265813286726654E+00
 -0.8599725348060798E+00
 -0.8900366741105568E+00
 -0.9166574343363131E+00
 -0.9397318249730989E+00
 -0.9591705757096434E+00
 -0.9748984818092046E+00
 -0.9868546950660193E+00
 -0.9949929592176836E+00
 -0.9992817889031844E+00
 -0.9997045914745669E+00
 -0.9962597311911966E+00
 -0.9889605355484122E+00
 -0.9778352437161874E+00
 -0.9629268972873360E+00
 -0.9442931737579798E+00
 -0.9220061633845293E+00
 -0.8961520902804850E+00
 -0.8668309788320909E+00
 -0.8341562667234143E+00
 -0.7982543660679798E+00
 -0.7592641743448633E+00
 -0.7173365370313242E+00
 -0.6726336640109640E+00
 -0.6253285020151952E+00
 -0.5756040655259388E+00
 -0.5236527287281443E+00
 -0.4696754812514423E+00
 -0.4138811505803134E+00
 -0.3564855941411165E+00
 -0.2977108641916431E+00
 -0.2377843487440656E+00
 -0.1769378918448957E+00
 -0.1154068966154054E+00
 -0.5342941452268436E-01
  0.8754775595242537E-02
  0.7090509518715751E-01
  0.1327810967403281E+00
  0.1941433940252212E+00
  0.2547545882343230E+00
  0.3143801864320052E+00
  0.3727895087621369E+00
  0.4297565809036379E+00
  0.4850610083212251E+00
  0.5384888289290557E+00
  0.5898333408684697E+00
  0.6388959021973278E+00
  0.6854866993970946E+00
  0.7294254817244671E+00
  0.7705422585664854E+00
  0.8086779571011884E+00
  0.8436850377194612E+00
  0.8754280648271177E+00
  0.9037842308189080E+00
  0.9286438311972827E+00
  0.9499106889977817E+00
  0.9675025268790280E+00
  0.9813512854377751E+00
  0.9914033865175187E+00
  0.9976199404919743E+00
  0.9999768967214870E+00
  0.9984651366002845E+00
  0.9930905088345893E+00
  0.9838738068151142E+00
  0.9708506881714692E+00
  0.9540715368197229E+00
  0.9336012680368165E+00
  0.9095190773159701E+00
  0.8819181339747032E+00
  0.8509052207008452E+00
  0.8166003204310620E+00
  0.7791361521601794E+00
  0.7386576574771790E+00
  0.6953214398143465E+00
  0.6492951585790128E+00
  0.6007568805118814E+00
  0.5498943907813996E+00
  0.4969044664794200E+00
  0.4419921153288648E+00
  0.3853697825486683E+00
  0.3272565289444945E+00
  0.2678771834050406E+00
  0.2074614730827415E+00
  0.1462431346240423E+00
  0.8445900988772743E-01
  0.2234812964977100E-01
 -0.3984921116029107E-01
 -0.1018923831137678E+00
 -0.1635413532313250E+00
 -0.2245576136239507E+00
 -0.2847051042336413E+00
 -0.3437511261039149E+00
 -0.4014672416468582E+00
 -0.4576301584237810E+00
 -0.5120225930202871E+00
 -0.5644341116735866E+00
 -0.6146619443998461E+00
 -0.6625117694718695E+00
 -0.7077984652121040E+00
