  0.6663094348514593E+00
  0.6186521415469637E+00
  0.5686034284377383E+00
  0.5163564701411113E+00
  0.4621130425085521E+00
  0.4060827225350210E+00
  0.3484820617803392E+00
  0.2895337358423063E+00
  0.2294656726235886E+00
  0.1685101623091128E+00
  0.1069029521195557E+00
  0.4488232903104469E-01
 -0.1731180624716657E-01
 -0.7943887066549157E-01
 -0.1412585321665554E+00
 -0.2025316414873706E+00
 -0.2630211589405649E+00
 -0.3224930726816589E+00
 -0.3807173049843991E+00
 -0.4374686030778203E+00
 -0.4925274111464063E+00
 -0.5456807201578231E+00
 -0.5967228922605196E+00
 -0.6454564565855158E+00
 -0.6916928733921434E+00
 -0.7352532636158959E+00
 -0.7759691010071180E+00
 -0.8136828641913986E+00
 -0.8482486461355644E+00
 -0.8795327186663540E+00
 -0.9074140498615262E+00
 -0.9317847723145060E+00
 -0.9525506004630269E+00
 -0.9696311953687068E+00
 -0.9829604755374076E+00
 -0.9924868725786462E+00
 -0.9981735307155175E+00
 -0.9999984493736519E+00
 -0.9979545682978120E+00
 -0.9920497948670166E+00
 -0.9823069735026153E+00
 -0.9687637972877569E+00
 -0.9514726621402140E+00
 -0.9305004641027647E+00
 -0.9059283405354064E+00
 -0.8778513562106657E+00
 -0.8463781355264612E+00
 -0.8116304422594084E+00
 -0.7737427084844204E+00
 -0.7328615144831295E+00
 -0.6891450216532509E+00
 -0.6427623606128611E+00
 -0.5938929768668952E+00
 -0.5427259365673488E+00
 -0.4894591950530638E+00
 -0.4342988309989791E+00
 -0.3774582491377718E+00
 -0.3191573546384045E+00
 -0.2596217023357442E+00
 -0.1990816241027260E+00
 -0.1377713377410831E+00
 -0.7592804083817142E-01
 -0.1379099309558420E-01
  0.4839940932015303E-01
  0.1104025638236480E+00
  0.1719785922553063E+00
  0.2328892689233266E+00
  0.2928989422526279E+00
  0.3517754464750084E+00
  0.4092909998334033E+00
  0.4652230858252558E+00
  0.5193553140756298E+00
  0.5714782575095418E+00
  0.6213902625846232E+00
  0.6688982294495027E+00
  0.7138183590096204E+00
  0.7559768640102157E+00
  0.7952106413854552E+00
  0.8313679032725108E+00
  0.8643087642493107E+00
  0.8939057825240644E+00
  0.9200444529827969E+00
  0.9426236501873888E+00
  0.9615560196102527E+00
  0.9767683155920296E+00
  0.9882016847148151E+00
  0.9958118934946019E+00
  0.9995694995120349E+00
  0.9994599653194111E+00
  0.9954837146832437E+00
  0.9876561309447890E+00
  0.9760074975048881E+00
  0.9605828806633735E+00
  0.9414419552663081E+00
  0.9186587738356006E+00
  0.8923214800741802E+00
  0.8625319678551396E+00
  0.8294054870141284E+00
  0.7930701974701325E+00
  0.7536666733996426E+00
