           BREAK
 -0.9067115182760704E-01
 -0.1524094639212704E+00
 -0.2135580859216004E+00
 -0.2738804590035447E+00
 -0.3331432174038099E+00
 -0.3911170921530783E+00
 -0.4475777987500890E+00
 -0.5023069053892587E+00
 -0.5550926784193445E+00
 -0.6057309017910921E+00
 -0.6540256673462943E+00
 -0.6997901329085772E+00
 -0.7428472452568138E+00
 -0.7830304251948247E+00
 -0.8201842120751845E+00
 -0.8541648652898481E+00
 -0.8848409204053028E+00
 -0.9120936977942307E+00
 -0.9358177617985332E+00
 -0.9559213286492664E+00
 -0.9723266215667556E+00
 -0.9849701716681073E+00
 -0.9938030635186943E+00
 -0.9987911243781593E+00
 -0.9999150564091184E+00
 -0.9971705113373357E+00
 -0.9905681072746764E+00
 -0.9801333876398648E+00
 -0.9659067223360419E+00
 -0.9479431515674845E+00
 -0.9263121728997586E+00
 -0.9010974723871407E+00
 -0.8723966008075272E+00
 -0.8403205962574255E+00
 -0.8049935545671258E+00
 -0.7665521491980437E+00
 -0.7251451024796474E+00
 -0.6809326102316586E+00
 -0.6340857219975464E+00
 -0.5847856792870750E+00
 -0.5332232143881102E+00
 -0.4795978124604506E+00
 -0.4241169397665000E+00
 -0.3669952410245981E+00
 -0.3084537089903064E+00
 -0.2487188294783669E+00
 -0.1880217051330851E+00
 -0.1265971613370924E+00
 -0.6468283771756135E-01
 -0.2518268764654764E-02
  0.5965604288088557E-01
  0.1215995568857322E+00
  0.1830726258277934E+00
  0.2438374223455316E+00
  0.3036588592458266E+00
  0.3623054990106526E+00
  0.4195504491838778E+00
  0.4751722401740962E+00
  0.5289556820774558E+00
  0.5806926972055906E+00
  0.6301831250977734E+00
  0.6772354969028562E+00
  0.7216677761350575E+00
  0.7633080629377622E+00
  0.8019952591306725E+00
  0.8375796914673709E+00
  0.8699236906920338E+00
  0.8989021241550408E+00
  0.9244028799268807E+00
  0.9463273005374329E+00
  0.9645905646625504E+00
  0.9791220152812860E+00
  0.9898654330341792E+00
  0.9967792537250376E+00
  0.9998367291247371E+00
  0.9990260304549221E+00
  0.9943502941512554E+00
  0.9858276097291528E+00
  0.9734909497989663E+00
  0.9573880425013569E+00
  0.9375811868563937E+00
  0.9141470117407456E+00
  0.8871761794254424E+00
  0.8567730348211661E+00
  0.8230552017880552E+00
  0.7861531280718481E+00
  0.7462095806268886E+00
  0.7033790932785213E+00
  0.6578273688617380E+00
  0.6097306381491017E+00
  0.5592749780481221E+00
  0.5066555917058523E+00
  0.4520760533058286E+00
  0.3957475204791076E+00
  0.3378879173764124E+00
  0.2787210915619229E+00
  0.2184759479905438E+00
  0.1573855634190996E+00
  0.9568628467763764E-01
  0.3361681428946529E-01
