  0.9905919160901935E+00
  0.9797766681660137E+00
  0.9651982896925969E+00
  0.9469078691490962E+00
  0.9249718335142428E+00
  0.8994715209728585E+00
  0.8705027239464069E+00
  0.8381751998820154E+00
  0.8026121479869800E+00
  0.7639496507706498E+00
  0.7223360798605760E+00
  0.6779314661021363E+00
  0.6309068344366312E+00
  0.5814435044875238E+00
  0.5297323581728794E+00
  0.4759730760082862E+00
  0.4203733440722262E+00
  0.3631480338782340E+00
  0.3045183576379332E+00
  0.2447110016086285E+00
  0.1839572404006183E+00
  0.1224920352746057E+00
  0.6055311959015498E-01
 -0.1619925326626314E-02
 -0.6378660054272534E-01
 -0.1257064226875056E+00
 -0.1871398564696387E+00
 -0.2478492430545241E+00
 -0.3075997208081411E+00
 -0.3661601349239545E+00
 -0.4233039324770212E+00
 -0.4788100394931578E+00
 -0.5324637166803092E+00
 -0.5840573905434296E+00
 -0.6333914566926714E+00
 -0.6802750522568228E+00
 -0.7245267944291011E+00
 -0.7659754822999739E+00
 -0.8044607592709756E+00
 -0.8398337334938121E+00
 -0.8719575539397644E+00
 -0.9007079398747199E+00
 -0.9259736616944227E+00
 -0.9476569712619131E+00
 -0.9656739800839139E+00
 -0.9799549838642563E+00
 -0.9904447321795684E+00
 -0.9971026422345073E+00
 -0.9999029558699787E+00
 -0.9988348392171994E+00
 -0.9939024246122550E+00
 -0.9851247946091196E+00
 -0.9725359081530789E+00
 -0.9561844692002146E+00
 -0.9361337382912801E+00
 -0.9124612878089609E+00
 -0.8852587018653942E+00
 -0.8546312219810298E+00
 -0.8206973399256272E+00
 -0.7835883392966202E+00
 -0.7434477876083806E+00
 -0.7004309808573975E+00
 -0.6547043427122344E+00
 -0.6064447806526883E+00
 -0.5558390015491181E+00
 -0.5030827893298329E+00
 -0.4483802475311088E+00
 -0.3919430096602562E+00
 -0.3339894204266949E+00
 -0.2747436910086904E+00
 -0.2144350316238576E+00
 -0.1532967647593655E+00
 -0.9156542249255072E-01
 -0.2947983139426996E-01
  0.3271981144471055E-01
  0.9479286768959856E-01
  0.1564991887445402E+00
  0.2176000448408869E+00
  0.2778590486362952E+00
  0.3370430697514263E+00
  0.3949231367060985E+00
  0.4512753227654628E+00
  0.5058816122690356E+00
  0.5585307440909365E+00
  0.6090190289681470E+00
  0.6571511375346930E+00
  0.7027408560130213E+00
  0.7456118066389249E+00
  0.7855981300328522E+00
  0.8225451268776224E+00
  0.8563098564200333E+00
  0.8867616894808634E+00
  0.9137828138337941E+00
  0.9372686899980214E+00
  0.9571284556811996E+00
  0.9732852773080016E+00
  0.9856766472742942E+00
  0.9942546257769128E+00
  0.9989860262834513E+00
  0.9998525439245054E+00
