           BREAK
  0.9609635208777998E+00
  0.9417532270416151E+00
  0.9189163070748542E+00
  0.8925377633539014E+00
  0.8627169330779514E+00
  0.8295669906715440E+00
  0.7932144157870729E+00
  0.7537984259269204E+00
  0.7114703732935808E+00
  0.6663931060037213E+00
  0.6187402942746367E+00
  0.5686957226142167E+00
  0.5164525494230092E+00
  0.4622125357531912E+00
  0.4061852452678436E+00
  0.3485872177078725E+00
  0.2896411184059023E+00
  0.2295748665888339E+00
  0.1686207453855040E+00
  0.1070144966047883E+00
  0.4499440347407706E-01
 -0.1719963537030548E-01
 -0.7932703726927658E-01
 -0.1411474688731565E+00
 -0.2024217779497430E+00
 -0.2629129201777377E+00
 -0.3223868774325144E+00
 -0.3806135640861938E+00
 -0.4373677178756192E+00
 -0.4924297719395127E+00
 -0.5455867046891473E+00
 -0.5966328642546921E+00
 -0.6453707643413512E+00
 -0.6916118484348810E+00
 -0.7351772194144027E+00
 -0.7758983317609998E+00
 -0.8136176436927018E+00
 -0.8481892267094566E+00
 -0.8794793301948804E+00
 -0.9073668988942036E+00
 -0.9317440412692028E+00
 -0.9525164469202054E+00
 -0.9696037514617684E+00
 -0.9829398474414840E+00
 -0.9924731400998277E+00
 -0.9981667469820936E+00
 -0.9999986406305678E+00
 -0.9979617338051313E+00
 -0.9920639069027830E+00
 -0.9823279774701043E+00
 -0.9687916119266996E+00
 -0.9515071798411744E+00
 -0.9305415513234643E+00
 -0.9059758383173697E+00
 -0.8779050807942019E+00
 -0.8464378790615934E+00
 -0.8116959736100050E+00
 -0.7738137741224175E+00
 -0.7329378394693791E+00
 -0.6892263107012075E+00
 -0.6428482992309910E+00
 -0.5939832325753799E+00
 -0.5428201601843862E+00
 -0.4895570220457832E+00
 -0.4343998828937509E+00
 -0.3775621349844459E+00
 -0.3192636725228222E+00
 -0.2597300409346640E+00
 -0.1991915642751557E+00
 -0.1378824541498540E+00
 -0.7603990359548291E-01
 -0.1390316942616084E-01
  0.4828735340474272E-01
  0.1102910618459724E+00
  0.1718680755948545E+00
  0.2327801651475898E+00
  0.2927916734629181E+00
  0.3516704276734336E+00
  0.4091886373173069E+00
  0.4651237756153258E+00
  0.5192594403837757E+00
  0.5713861912524527E+00
  0.6213023599487620E+00
  0.6688148305130908E+00
  0.7137397864269420E+00
  0.7559034217633277E+00
  0.7951426136081445E+00
  0.8313055531510318E+00
  0.8642523330041708E+00
  0.8938554884767879E+00
  0.9200004907112832E+00
  0.9425861897731248E+00
  0.9615252059803043E+00
  0.9767442679583459E+00
  0.9881844961130182E+00
  0.9958016304240530E+00
  0.9995662016785603E+00
  0.9994636454816882E+00
  0.9954943586034389E+00
  0.9876736974436436E+00
