 -0.4713283475065964E+00
 -0.5252476189239734E+00
 -0.5771348044455546E+00
 -0.6267891642183714E+00
 -0.6740185962720451E+00
 -0.7186403798642490E+00
 -0.7604818824941305E+00
 -0.7993812278579331E+00
 -0.8351879221699575E+00
 -0.8677634364313110E+00
 -0.8969817423979507E+00
 -0.9227298001776246E+00
 -0.9449079955716115E+00
 -0.9634305254709873E+00
 -0.9782257298176372E+00
 -0.9892363688466205E+00
 -0.9964198445379141E+00
 -0.9997483654212409E+00
 -0.9992090540966707E+00
 -0.9948039970552435E+00
 -0.9865502366069853E+00
 -0.9744797049476489E+00
 -0.9586391006193080E+00
 -0.9390897078427909E+00
 -0.9159071594209427E+00
 -0.8891811441299997E+00
 -0.8590150597311382E+00
 -0.8255256129446196E+00
 -0.7888423679341606E+00
 -0.7491072450483565E+00
 -0.7064739717584195E+00
 -0.6611074879164627E+00
 -0.6131833076352488E+00
 -0.5628868402581895E+00
 -0.5104126730466133E+00
 -0.4559638183594539E+00
 -0.3997509282378707E+00
 -0.3419914794334242E+00
 -0.2829089320327737E+00
 -0.2227318649340127E+00
 -0.1616930915193167E+00
 -0.1000287589451951E+00
 -0.3797743453502130E-01
  0.2422081719159914E-01
  0.8632536328181580E-01
  0.1480959333116819E+00
  0.2092935489457464E+00
  0.2696814484978102E+00
  0.3290260029158937E+00
  0.3870976196476525E+00
  0.4436716308893605E+00
  0.4985291627819979E+00
  0.5514579821916901E+00
  0.6022533177984735E+00
  0.6507186523167524E+00
  0.6966664827825008E+00
  0.7399190459658026E+00
  0.7803090061022550E+00
  0.8176801022825350E+00
  0.8518877529954992E+00
  0.8827996154859634E+00
  0.9102960977631126E+00
  0.9342708212786808E+00
  0.9546310324848883E+00
  0.9712979616798989E+00
  0.9842071277524944E+00
  0.9933085876469668E+00
  0.9985671295830993E+00
  0.9999624092837039E+00
  0.9974890286826744E+00
  0.9911565568090607E+00
  0.9809894927663504E+00
  0.9670271709501970E+00
  0.9493236088712876E+00
  0.9279472981720847E+00
  0.9029809396459670E+00
  0.8745211232839283E+00
  0.8426779545866654E+00
  0.8075746285877839E+00
  0.7693469532361494E+00
  0.7281428239813149E+00
  0.6841216515947554E+00
  0.6374537454405649E+00
  0.5883196545816117E+00
  0.5369094692702866E+00
  0.4834220855262475E+00
  0.4280644356463554E+00
  0.3710506876238224E+00
  0.3126014165738469E+00
  0.2529427513713460E+00
  0.1923054998022666E+00
  0.1309242556131036E+00
  0.6903649091326006E-01
  0.6881637441598694E-02
 -0.5529983974844605E-01
 -0.1172673726014498E+00
 -0.1787812207710621E+00
 -0.2396033991288360E+00
 -0.2994985984824616E+00
 -0.3582350959413095E+00
