           BREAK
  0.8769623036397787E+00
  0.8453407300767786E+00
  0.8104562719169150E+00
  0.7724423145061901E+00
  0.7314446619480213E+00
  0.6876209147891602E+00
  0.6411398123404746E+00
  0.5921805404736704E+00
  0.5409320061328964E+00
  0.4875920801550707E+00
  0.4323668103083960E+00
  0.3754696067381503E+00
  0.3171204022553780E+00
  0.2575447901198996E+00
  0.1969731421563795E+00
  0.1356397102028930E+00
  0.7378171402707651E-01
  0.1163841895710551E-01
 -0.5054979343545011E-01
 -0.1125423581951850E+00
 -0.1740994599306569E+00
 -0.2349829623670671E+00
 -0.2949573310097328E+00
 -0.3537905454312759E+00
 -0.4112549977194103E+00
 -0.4671283736625599E+00
 -0.5211945133065344E+00
 -0.5732442475865493E+00
 -0.6230762078243632E+00
 -0.6704976049795777E+00
 -0.7153249756566153E+00
 -0.7573848919938460E+00
 -0.7965146326981921E+00
 -0.8325628126365792E+00
 -0.8653899685541503E+00
 -0.8948690986575083E+00
 -0.9208861539786559E+00
 -0.9433404796210283E+00
 -0.9621452041822820E+00
 -0.9772275758485062E+00
 -0.9885292438604981E+00
 -0.9960064842638183E+00
 -0.9996303690696822E+00
 -0.9993868781725747E+00
 -0.9952769535917920E+00
 -0.9873164958272158E+00
 -0.9755363023434975E+00
 -0.9599819484207129E+00
 -0.9407136108324807E+00
 -0.9178058350337207E+00
 -0.8913472467587710E+00
 -0.8614402091456341E+00
 -0.8282004267128819E+00
 -0.7917564977213489E+00
 -0.7522494166524437E+00
 -0.7098320287278913E+00
 -0.6646684385812629E+00
 -0.6169333753690323E+00
 -0.5668115167774094E+00
 -0.5144967745402522E+00
 -0.4601915442322401E+00
 -0.4041059222397106E+00
 -0.3464568929385572E+00
 -0.2874674892238317E+00
 -0.2273659296388015E+00
 -0.1663847354417398E+00
 -0.1047598310263504E+00
 -0.4272963117611773E-01
  0.1946588131617005E-01
  0.8158608409522715E-01
  0.1433906461644209E+00
  0.2046404576797020E+00
  0.2650985550191488E+00
  0.3245310375491779E+00
  0.3827079725406616E+00
  0.4394042847339877E+00
  0.4944006271115128E+00
  0.5474842295085622E+00
  0.5984497217798651E+00
  0.6470999283367459E+00
  0.6932466309811743E+00
  0.7367112970854105E+00
  0.7773257703000562E+00
  0.8149329211183026E+00
  0.8493872547794709E+00
  0.8805554741599713E+00
  0.9083169954739847E+00
  0.9325644147886992E+00
  0.9532039235492633E+00
  0.9701556715058622E+00
  0.9833540756388203E+00
  0.9927480738865629E+00
  0.9983013226948155E+00
  0.9999923376227532E+00
  0.9978145764621268E+00
  0.9917764645478006E+00
  0.9819013621617644E+00
  0.9682274741567412E+00
  0.9508077021490349E+00
  0.9297094398524540E+00
