  0.8245304276361428E+00
  0.7877281987945470E+00
  0.7478835999039455E+00
  0.7051496774620930E+00
  0.6596908790650803E+00
  0.6116823746292704E+00
  0.5613093437971809E+00
  0.5087662309867323E+00
  0.4542559698738760E+00
  0.3979891793920490E+00
  0.3401833335910835E+00
  0.2810619079257822E+00
  0.2208535047426699E+00
  0.1597909609043245E+00
  0.9811044063601436E-01
  0.3605051680059892E-01
 -0.2614875609394404E-01
 -0.8824677377313617E-01
 -0.1500033155232713E+00
 -0.2111794754931890E+00
 -0.2715385884785285E+00
 -0.3308471466965630E+00
 -0.3888757040771007E+00
 -0.4453997646289661E+00
 -0.5002006514914481E+00
 -0.5530663533453755E+00
 -0.6037923449383455E+00
 -0.6521823785725838E+00
 -0.6980492435112742E+00
 -0.7412154903793159E+00
 -0.7815141177667624E+00
 -0.8187892183868909E+00
 -0.8528965822953873E+00
 -0.8837042548416992E+00
 -0.9110930471975653E+00
 -0.9349569974902568E+00
 -0.9552037807584973E+00
 -0.9717550661464476E+00
 -0.9845468199549053E+00
 -0.9935295533780092E+00
 -0.9986685139675304E+00
 -0.9999438200843778E+00
 -0.9973505378174010E+00
 -0.9908987000720666E+00
 -0.9806132677552702E+00
 -0.9665340332065210E+00
 -0.9487154662491454E+00
 -0.9272265034571335E+00
 -0.9021502814529274E+00
 -0.8735838152679768E+00
 -0.8416376230104269E+00
 -0.8064352982920271E+00
 -0.7681130320684563E+00
 -0.7268190857429739E+00
 -0.6827132175718535E+00
 -0.6359660645907244E+00
 -0.5867584824530317E+00
 -0.5352808457346476E+00
 -0.4817323114116193E+00
 -0.4263200483605200E+00
 -0.3692584358623116E+00
 -0.3107682342105508E+00
 -0.2510757306327019E+00
 -0.1904118638288120E+00
 -0.1290113305145474E+00
 -0.6711167742519086E-01
 -0.4952382293474161E-02
  0.5722607264325154E-01
  0.1191831310220696E+00
  0.1806790930203351E+00
  0.2414760427077265E+00
  0.3013387684967532E+00
  0.3600356731307028E+00
  0.4173396696884281E+00
  0.4730290601395323E+00
  0.5268883930509822E+00
  0.5787092971268438E+00
  0.6282912873563489E+00
  0.6754425406514541E+00
  0.7199806379731015E+00
  0.7617332700750451E+00
  0.8005389041348498E+00
  0.8362474086929990E+00
  0.8687206344823486E+00
  0.8978329489008027E+00
  0.9234717220594427E+00
  0.9455377625256907E+00
  0.9639457010756908E+00
  0.9786243209712499E+00
  0.9895168334835667E+00
  0.9965810975977890E+00
  0.9997897830484128E+00
  0.9991304760547716E+00
  0.9946057273475430E+00
  0.9862330423004644E+00
  0.9740448132054457E+00
  0.9580881939530825E+00
  0.9384249176034147E+00
  0.9151310575527110E+00
  0.8882967332202742E+00
