           BREAK
  0.5722338590832265E+00
  0.5201365075518336E+00
  0.4660280850966888E+00
  0.4101176414798089E+00
  0.3526212605713535E+00
  0.2937612114358199E+00
  0.2337650780111316E+00
  0.1728648702858122E+00
  0.1112961200300758E+00
  0.4929696426288847E-01
 -0.1289278025973487E-01
 -0.7503254816862615E-01
 -0.1368819587903452E+00
 -0.1982017481731252E+00
 -0.2587546963401341E+00
 -0.3183065462766353E+00
 -0.3766269111714446E+00
 -0.4334901664635538E+00
 -0.4886763232914015E+00
 -0.5419718800042747E+00
 -0.5931706484721458E+00
 -0.6420745520212651E+00
 -0.6884943919273491E+00
 -0.7322505795157171E+00
 -0.7731738310474144E+00
 -0.8111058227117427E+00
 -0.8458998031978683E+00
 -0.8774211614806798E+00
 -0.9055479476280808E+00
 -0.9301713446176670E+00
 -0.9511960893395528E+00
 -0.9685408411581004E+00
 -0.9821384966077947E+00
 -0.9919364490065611E+00
 -0.9978967919827032E+00
 -0.9999964661284449E+00
 -0.9982273482129803E+00
 -0.9925962826100516E+00
 -0.9831250548186035E+00
 -0.9698503071790145E+00
 -0.9528233971110439E+00
 -0.9321101984219696E+00
 -0.9077908464536234E+00
 -0.8799594280543209E+00
 -0.8487236175751207E+00
 -0.8142042602986754E+00
 -0.7765349049123103E+00
 -0.7358612868340945E+00
 -0.6923407643908221E+00
 -0.6461417100292152E+00
 -0.5974428589156376E+00
 -0.5464326174444581E+00
 -0.4933083343303125E+00
 -0.4382755371042656E+00
 -0.3815471369677184E+00
 -0.3233426050803334E+00
 -0.2638871234687518E+00
 -0.2034107138410811E+00
 -0.1421473476775879E+00
 -0.8033404104049605E-01
 -0.1820993760488759E-01
  0.4398461654172090E-01
  0.1060090027516979E+00
  0.1676232607241009E+00
  0.2285890168644625E+00
  0.2886704065059225E+00
  0.3476349864237990E+00
  0.4052546341132746E+00
  0.4613064303510442E+00
  0.5155735216264878E+00
  0.5678459591057768E+00
  0.6179215108831226E+00
  0.6656064443767360E+00
  0.7107162758425479E+00
  0.7530764841059769E+00
  0.7925231857504518E+00
  0.8289037691505101E+00
  0.8620774848965299E+00
  0.8919159903268558E+00
  0.9183038460606195E+00
  0.9411389626102816E+00
  0.9603329953460258E+00
  0.9758116862839677E+00
  0.9875151513758698E+00
  0.9953981121888905E+00
  0.9994300710790442E+00
  0.9995954291806628E+00
  0.9958935467553753E+00
  0.9883387456671296E+00
  0.9769602539736869E+00
  0.9618020928489419E+00
  0.9429229062735535E+00
  0.9203957341527748E+00
  0.8943077297392519E+00
  0.8647598224540172E+00
  0.8318663274101679E+00
  0.7957545031499016E+00
  0.7565640593059400E+00
  0.7144466160920954E+00
  0.6695651177141269E+00
