           BREAK
  0.7508114552794096E+00
  0.7082775007159020E+00
  0.6630066254869442E+00
  0.6151732608953104E+00
  0.5649618996809934E+00
  0.5125663533137481E+00
  0.4581889785817420E+00
  0.4020398755400880E+00
  0.3443360591445232E+00
  0.2853006071252989E+00
  0.2251617868566119E+00
  0.1641521641496914E+00
  0.1025076970447944E+00
  0.4046681780017933E-01
 -0.2173049362382250E-01
 -0.8384364120917895E-01
 -0.1456323462188310E+00
 -0.2068575787574839E+00
 -0.2672824840631639E+00
 -0.3266733000370489E+00
 -0.3848002625352814E+00
 -0.4414384949793078E+00
 -0.4963688788900885E+00
 -0.5493789020157148E+00
 -0.6002634808007948E+00
 -0.6488257540389835E+00
 -0.6948778446564182E+00
 -0.7382415866931002E+00
 -0.7787492146806660E+00
 -0.8162440127579427E+00
 -0.8505809210194456E+00
 -0.8816270967558674E+00
 -0.9092624284189036E+00
 -0.9333800003247359E+00
 -0.9538865063003426E+00
 -0.9707026106738081E+00
 -0.9837632552130939E+00
 -0.9930179108265539E+00
 -0.9984307730519518E+00
 -0.9999809005780411E+00
 -0.9976622962630599E+00
 -0.9914839303368522E+00
 -0.9814697056969790E+00
 -0.9676583654331347E+00
 -0.9501033429377006E+00
 -0.9288725551823418E+00
 -0.9040481399604371E+00
 -0.8757261381119140E+00
 -0.8440161219598906E+00
 -0.8090407713966467E+00
 -0.7709353992589482E+00
 -0.7298474278289713E+00
 -0.6859358184861331E+00
 -0.6393704567163945E+00
 -0.5903314948583200E+00
 -0.5390086551286767E+00
 -0.4856004956240350E+00
 -0.4303136421380665E+00
 -0.3733619887664869E+00
 -0.3149658703923540E+00
 -0.2553512102532087E+00
 -0.1947486458879569E+00
 -0.1333926368450375E+00
 -0.7152055760397757E-01
 -0.9371779219646166E-02
  0.5281325675785740E-01
  0.1147939685048477E+00
  0.1763305646883959E+00
  0.2371849721724089E+00
  0.2971217570763446E+00
  0.3559090356231619E+00
  0.4133193712526001E+00
  0.4691306545290549E+00
  0.5231269624398296E+00
  0.5750993937593274E+00
  0.6248468772473128E+00
  0.6721769495544738E+00
  0.7169064998257333E+00
  0.7588624781205783E+00
  0.7978825649096546E+00
  0.8338157990574983E+00
  0.8665231618618406E+00
  0.8958781148899589E+00
  0.9217670895312913E+00
  0.9440899263723287E+00
  0.9627602626939278E+00
  0.9777058665918944E+00
  0.9888689164281863E+00
  0.9962062245316023E+00
  0.9996894042824866E+00
  0.9993049799350521E+00
  0.9950544387524169E+00
  0.9869542252526758E+00
  0.9750356775882556E+00
  0.9593449063046858E+00
  0.9399426159478614E+00
  0.9169038702099446E+00
  0.8903178015225235E+00
  0.8602872662205489E+00
  0.8269284466111566E+00
