           BREAK
 -0.1502251477053889E+00
 -0.2113987844352842E+00
 -0.2717545257583316E+00
 -0.3310588769249954E+00
 -0.3890824081330524E+00
 -0.4456006428304534E+00
 -0.5003949266910535E+00
 -0.5532532739380998E+00
 -0.6039711877703358E+00
 -0.6523524517395530E+00
 -0.6982098890358382E+00
 -0.7413660867569480E+00
 -0.7816540823705324E+00
 -0.8189180097217249E+00
 -0.8530137020931384E+00
 -0.8838092499889449E+00
 -0.9111855114886767E+00
 -0.9350365731989752E+00
 -0.9552701600219354E+00
 -0.9718079921561710E+00
 -0.9845860879504855E+00
 -0.9935550114392118E+00
 -0.9986800636020668E+00
 -0.9999414166089581E+00
 -0.9973341905306059E+00
 -0.9908684722183737E+00
 -0.9805692762803724E+00
 -0.9664764483048888E+00
 -0.9486445107055763E+00
 -0.9271424517848414E+00
 -0.9020534588315040E+00
 -0.8734745962853349E+00
 -0.8415164302135922E+00
 -0.8063026005523870E+00
 -0.7679693427677866E+00
 -0.7266649607872651E+00
 -0.6825492532406179E+00
 -0.6357928952301062E+00
 -0.5865767780216461E+00
 -0.5350913092116402E+00
 -0.4815356760769775E+00
 -0.4261170749581537E+00
 -0.3690499096568832E+00
 -0.3105549619494394E+00
 -0.2508585374248536E+00
 -0.1901915899525548E+00
 -0.1287888281667165E+00
 -0.6688780742414546E-01
 -0.4728010748756476E-02
  0.5745007768172190E-01
  0.1194059029223155E+00
  0.1808997699211527E+00
  0.2416937708530560E+00
  0.3015527055386987E+00
  0.3602449913884089E+00
  0.4175435593502195E+00
  0.4732267323959174E+00
  0.5270790831464016E+00
  0.5788922673183632E+00
  0.6284658297678433E+00
  0.6756079800122399E+00
  0.7201363342304318E+00
  0.7618786208703472E+00
  0.8006733471341331E+00
  0.8363704237624175E+00
  0.8688317457004967E+00
  0.8979317263999620E+00
  0.9235577836886590E+00
  0.9456107753292393E+00
  0.9640053825812183E+00
  0.9786704402826055E+00
  0.9895492121740950E+00
  0.9965996104006256E+00
  0.9997943583411203E+00
  0.9991210961364319E+00
  0.9945824285072372E+00
  0.9861959146768801E+00
  0.9739940004381454E+00
  0.9580238926267919E+00
  0.9383473764874738E+00
  0.9150405766386330E+00
  0.8881936625611385E+00
  0.8579104997500808E+00
  0.8243082478793525E+00
  0.7875169075336250E+00
  0.7476788172613466E+00
  0.7049481028945453E+00
  0.6594900812659305E+00
  0.6114806206301819E+00
  0.5611054602638353E+00
  0.5085594918761069E+00
  0.4540460056107330E+00
  0.3977759035558905E+00
  0.3399668838049967E+00
  0.2808425982250736E+00
  0.2206317871911193E+00
  0.1595673946340403E+00
  0.9788566682583379E-01
  0.3582523838865112E-01
 -0.2637379093618750E-01
