           BREAK
  0.8864151368004332E+00
  0.8558687700137503E+00
  0.8220193716534585E+00
  0.7849962082033131E+00
  0.7449411573832087E+00
  0.7020080973116346E+00
  0.6563622601247546E+00
  0.6081795507554573E+00
  0.5576458319882781E+00
  0.5049561772744023E+00
  0.4503140931188049E+00
  0.3939307131424623E+00
  0.3360239661794681E+00
  0.2768177209942916E+00
  0.2165409104006893E+00
  0.1554266377328500E+00
  0.9371126876288052E-01
  0.3163351227830866E-01
 -0.3056650736985951E-01
 -0.9264818236264345E-01
 -0.1543713547114172E+00
 -0.2154972472830377E+00
 -0.2757893890591603E+00
 -0.3350145311385344E+00
 -0.3929435500096299E+00
 -0.4493523346561302E+00
 -0.5040226541088342E+00
 -0.5567430021238059E+00
 -0.6073094157475346E+00
 -0.6555262646247553E+00
 -0.7012070080129035E+00
 -0.7441749165881648E+00
 -0.7842637562612027E+00
 -0.8213184313651583E+00
 -0.8551955847337603E+00
 -0.8857641523526706E+00
 -0.9129058704417460E+00
 -0.9365157330090558E+00
 -0.9565023981083965E+00
 -0.9727885412299920E+00
 -0.9853111544582013E+00
 -0.9940217902395739E+00
 -0.9988867488186810E+00
 -0.9998872086169206E+00
 -0.9970192990501243E+00
 -0.9902941155034182E+00
 -0.9797376764054950E+00
 -0.9653908225684531E+00
 -0.9473090591826536E+00
 -0.9255623410779402E+00
 -0.9002348020819850E+00
 -0.8714244295228573E+00
 -0.8392426851350800E+00
 -0.8038140738358349E+00
 -0.7652756620396217E+00
 -0.7237765473749311E+00
 -0.6794772818544823E+00
 -0.6325492507306797E+00
 -0.5831740094393628E+00
 -0.5315425811970983E+00
 -0.4778547179694644E+00
 -0.4223181276694982E+00
 -0.3651476705761341E+00
 -0.3065645280815226E+00
 -0.2467953469831942E+00
 -0.1860713626316270E+00
 -0.1246275043256004E+00
 -0.6270148641637280E-01
 -0.5328886370419699E-03
  0.6163777078490223E-01
  0.1235699656458779E+00
  0.1850240923153593E+00
  0.2457623967157848E+00
  0.3055498941468875E+00
  0.3641552783958547E+00
  0.4213518166161312E+00
  0.4769182265127527E+00
  0.5306395324405581E+00
  0.5823078971032013E+00
  0.6317234256352694E+00
  0.6786949389566870E+00
  0.7230407134074390E+00
  0.7645891838011045E+00
  0.8031796071772342E+00
  0.8386626846846403E+00
  0.8709011391896435E+00
  0.8997702463746395E+00
  0.9251583172722486E+00
  0.9469671303682371E+00
  0.9651123116014739E+00
  0.9795236607907801E+00
  0.9901454232257944E+00
  0.9969365053711153E+00
  0.9998706338492070E+00
  0.9989364570869929E+00
  0.9941375892328851E+00
  0.9854925961743500E+00
  0.9730349237100919E+00
  0.9568127681547582E+00
  0.9368888898767616E+00
