 -0.9800665787723833E+00
 -0.9905219351525465E+00
 -0.9971451545890504E+00
 -0.9999106131340542E+00
 -0.9988076117663438E+00
 -0.9938404177841866E+00
 -0.9850282482962109E+00
 -0.9724051958742587E+00
 -0.9560200966558958E+00
 -0.9359363414069046E+00
 -0.9122316302747269E+00
 -0.8849976721816871E+00
 -0.8543398300209852E+00
 -0.8203767130281320E+00
 -0.7832397179048527E+00
 -0.7430725204707805E+00
 -0.7000305198096168E+00
 -0.6542802370602717E+00
 -0.6059986711789211E+00
 -0.5553726141644356E+00
 -0.5025979283964228E+00
 -0.4478787888817292E+00
 -0.3914268933410058E+00
 -0.3334606431913483E+00
 -0.2742042985936459E+00
 -0.2138871108335841E+00
 -0.1527424353929563E+00
 -0.9100682914263759E-01
 -0.2891913515000712E-01
  0.3328044135847958E-01
  0.9535126230464877E-01
  0.1570531877405837E+00
  0.2181475049034327E+00
  0.2783978517487138E+00
  0.3375711313891478E+00
  0.3954384139012319E+00
  0.4517758220106410E+00
  0.5063653972299097E+00
  0.5589959430974770E+00
  0.6094638422557700E+00
  0.6575738442072017E+00
  0.7031398207004170E+00
  0.7459854858243385E+00
  0.7859450780241088E+00
  0.8228640014003445E+00
  0.8565994238106394E+00
  0.8870208294593734E+00
  0.9140105238379727E+00
  0.9374640890620987E+00
  0.9572907878441566E+00
  0.9734139145382359E+00
  0.9857710918993516E+00
  0.9943145124088868E+00
  0.9990111232325964E+00
  0.9998427540956012E+00
  0.9968061875796500E+00
  0.9899131715706884E+00
  0.9791903738085682E+00
  0.9646792787147437E+00
  0.9464360268971032E+00
  0.9245311979528648E+00
  0.8990495374098240E+00
  0.8700896288623712E+00
  0.8377635125707166E+00
  0.8021962519988893E+00
  0.7635254499684894E+00
  0.7219007163001039E+00
  0.6774830890019758E+00
  0.6304444112452333E+00
  0.5809666665360463E+00
  0.5292412746567910E+00
  0.4754683511001030E+00
  0.4198559328609076E+00
  0.3626191735817044E+00
  0.3039795111649221E+00
  0.2441638110726876E+00
  0.1834034886284309E+00
  0.1219336137159526E+00
  0.5999200133970765E-01
 -0.2181708435242570E-02
 -0.6434697760409001E-01
 -0.1262633008170946E+00
 -0.1876911358480553E+00
 -0.2483928303366492E+00
 -0.3081335412192496E+00
 -0.3666821432911099E+00
 -0.4238121233848873E+00
 -0.4793024567060781E+00
 -0.5329384619350124E+00
 -0.5845126317871761E+00
 -0.6338254358185792E+00
 -0.6806860923702834E+00
 -0.7249133066655808E+00
 -0.7663359722042602E+00
 -0.8047938327404170E+00
 -0.8401381022827401E+00
 -0.8722320407186014E+00
 -0.9009514828349885E+00
 -0.9261853186895971E+00
 -0.9478359234736091E+00
