  0.7237855904061286E+00
  0.6794723579399511E+00
  0.6325331692768298E+00
  0.5831490086771071E+00
  0.5315104479104509E+00
  0.4778168835839575E+00
  0.4222757450615920E+00
  0.3651016752106592E+00
  0.3065156864518141E+00
  0.2467442947996979E+00
  0.1860186347636818E+00
  0.1245735581342650E+00
  0.6264671981206509E-01
  0.4776539443391346E-03
 -0.6169315628006476E-01
 -0.1236252117614509E+00
 -0.1850789300849245E+00
 -0.2458165740943148E+00
 -0.3056031729502685E+00
 -0.3642074321884906E+00
 -0.4214026293210852E+00
 -0.4769674915671323E+00
 -0.5306870523573785E+00
 -0.5823534833316423E+00
 -0.6317668986354922E+00
 -0.6787361284244966E+00
 -0.7230794585990561E+00
 -0.7646253339199983E+00
 -0.8032130217940194E+00
 -0.8386932341680232E+00
 -0.8709287051317927E+00
 -0.8997947219984268E+00
 -0.9251796078109511E+00
 -0.9469851534106384E+00
 -0.9651269973971028E+00
 -0.9795349525113919E+00
 -0.9901532771802125E+00
 -0.9969408911713591E+00
 -0.9998715345264451E+00
 -0.9989338691563405E+00
 -0.9941315227064691E+00
 -0.9854830745223860E+00
 -0.9730219837700153E+00
 -0.9567964599886878E+00
 -0.9368692765778192E+00
 -0.9133175279388263E+00
 -0.8862323312118630E+00
 -0.8557184737613037E+00
 -0.8218940077737865E+00
 -0.7848897935372335E+00
 -0.7448489931678210E+00
 -0.7019265167435637E+00
 -0.6562884229873162E+00
 -0.6081112768178367E+00
 -0.5575814662544152E+00
 -0.5048944813178378E+00
 -0.4502541577174718E+00
 -0.3938718882505061E+00
 -0.3359658049642841E+00
 -0.2767599352457882E+00
 -0.2164833351032025E+00
 -0.1553692029927126E+00
 -0.9365397761898307E-01
 -0.3157642319974065E-01
  0.3062329426659825E-01
  0.9270453615652187E-01
  0.1544271222055057E+00
  0.2155522597188009E+00
  0.2758434674139765E+00
  0.3350674903210622E+00
  0.3929952022007167E+00
  0.4494024919891281E+00
  0.5040711308401932E+00
  0.5567896164105182E+00
  0.6073539911209028E+00
  0.6555686312285930E+00
  0.7012470036575340E+00
  0.7442123876586069E+00
  0.7842985585078778E+00
  0.8213504305977578E+00
  0.8552246574330944E+00
  0.8857901862109132E+00
  0.9129287648382524E+00
  0.9365353994265366E+00
  0.9565187604925401E+00
  0.9728015362944082E+00
  0.9853207319357733E+00
  0.9940279130807669E+00
  0.9988893933370585E+00
  0.9998863645819630E+00
  0.9970149697274119E+00
  0.9902863176422799E+00
  0.9797264401743285E+00
  0.9653761914380439E+00
  0.9472910897580045E+00
  0.9255411028792681E+00
  0.9002103772757606E+00
  0.8713969126039136E+00
  0.8392121825610307E+00
  0.8037807036152119E+00
