  0.8356922838935532E+00
  0.7998987039425806E+00
  0.7610160792795306E+00
  0.7191936525541530E+00
  0.6745922783635060E+00
  0.6273837555956994E+00
  0.5777501255652081E+00
  0.5258829372844256E+00
  0.4719824815593860E+00
  0.4162569959026472E+00
  0.3589218425262015E+00
  0.3001986619147468E+00
  0.2403145046871677E+00
  0.1795009446335460E+00
  0.1179931759684100E+00
  0.5602909796975183E-01
 -0.6151609721057751E-02
 -0.6830841777964450E-01
 -0.1302008804377142E+00
 -0.1915895678163873E+00
 -0.2522369938655110E+00
 -0.3119085364150914E+00
 -0.3703733458568984E+00
 -0.4274052390030559E+00
 -0.4827835747132564E+00
 -0.5362941079426646E+00
 -0.5877298189377804E+00
 -0.6368917143970523E+00
 -0.6835895975161310E+00
 -0.7276428039537569E+00
 -0.7688809008827148E+00
 -0.8071443464304027E+00
 -0.8422851069646784E+00
 -0.8741672298420857E+00
 -0.9026673694065488E+00
 -0.9276752642065195E+00
 -0.9490941635864900E+00
 -0.9668412020040856E+00
 -0.9808477196257329E+00
 -0.9910595279614193E+00
 -0.9974371195114375E+00
 -0.9999558206144515E+00
 -0.9986058869058172E+00
 -0.9933925410170416E+00
 -0.9843359523706543E+00
 -0.9714711591487351E+00
 -0.9548479327370435E+00
 -0.9345305851692118E+00
 -0.9105977203159851E+00
 -0.8831419297821119E+00
 -0.8522694346874115E+00
 -0.8180996747178946E+00
 -0.7807648460368202E+00
 -0.7404093898434241E+00
 -0.6971894335579757E+00
 -0.6512721867951221E+00
 -0.6028352944623739E+00
 -0.5520661494864669E+00
 -0.4991611678265340E+00
 -0.4443250285789156E+00
 -0.3877698821134997E+00
 -0.3297145293051516E+00
 -0.2703835750356378E+00
 -0.2100065592409690E+00
 -0.1488170688659821E+00
 -0.8705183416182705E-01
 -0.2494981282261600E-01
  0.3724873449547658E-01
  0.9930317369601381E-01
  0.1609734282088695E+00
  0.2220209077998424E+00
  0.2822094316299151E+00
  0.3413061419930462E+00
  0.3990824051973910E+00
  0.4553146961046433E+00
  0.5097854629053730E+00
  0.5622839687847098E+00
  0.6126071072221427E+00
  0.6605601877711940E+00
  0.7059576892789281E+00
  0.7486239776312568E+00
  0.7883939852472066E+00
  0.8251138496933178E+00
  0.8586415089475139E+00
  0.8888472510094653E+00
  0.9156142157311177E+00
  0.9388388469259074E+00
  0.9584312930075245E+00
  0.9743157546082486E+00
  0.9864307778319755E+00
  0.9947294920074045E+00
  0.9991797910215581E+00
  0.9997644575320978E+00
  0.9964812295778757E+00
  0.9893428093300228E+00
  0.9783768139497176E+00
  0.9636256687427545E+00
  0.9451464430242754E+00
  0.9230106293286778E+00
  0.8973038668188892E+00
