           BREAK
 -0.9992001066978361E+00
 -0.9997533734961280E+00
 -0.9964387887114948E+00
 -0.9892691758286847E+00
 -0.9782722726871486E+00
 -0.9634906241687975E+00
 -0.9449814176001512E+00
 -0.9228162615056885E+00
 -0.8970809085683765E+00
 -0.8678749238691976E+00
 -0.8353112996891919E+00
 -0.7995160183642690E+00
 -0.7606275648840266E+00
 -0.7187963911202289E+00
 -0.6741843337577414E+00
 -0.6269639881798393E+00
 -0.5773180407301993E+00
 -0.5254385619349253E+00
 -0.4715262634189957E+00
 -0.4157897213919790E+00
 -0.3584445697071974E+00
 -0.2997126656162375E+00
 -0.2398212314463471E+00
 -0.1790019755213883E+00
 -0.1174901957273488E+00
 -0.5552386919053071E-01
  0.6657268409719339E-02
  0.6881265033178111E-01
  0.1307018094777503E+00
  0.1920853087139242E+00
  0.2527256672065576E+00
  0.3123882791890746E+00
  0.3708423216062022E+00
  0.4278616471235310E+00
  0.4832256590476179E+00
  0.5367201647717394E+00
  0.5881382044454753E+00
  0.6372808516621665E+00
  0.6839579830665358E+00
  0.7279890139050146E+00
  0.7692035966730738E+00
  0.8074422801566252E+00
  0.8425571263177928E+00
  0.8744122826384418E+00
  0.9028845077071793E+00
  0.9278636480164338E+00
  0.9492530641249752E+00
  0.9669700045371421E+00
  0.9809459258522987E+00
  0.9911267579459401E+00
  0.9974731131564972E+00
  0.9999604386685484E+00
  0.9985791115028935E+00
  0.9933344757459898E+00
  0.9842468218747207E+00
  0.9713513082564807E+00
  0.9546978251282846E+00
  0.9343508015811300E+00
  0.9103889562963619E+00
  0.8829049929983869E+00
  0.8520052418019730E+00
  0.8178092478416907E+00
  0.7804493087750136E+00
  0.7400699629483781E+00
  0.6968274302064076E+00
  0.6508890075076731E+00
  0.6024324216852692E+00
  0.5516451418562166E+00
  0.4987236541398719E+00
  0.4438727014913026E+00
  0.3873044915905638E+00
  0.3292378758524174E+00
  0.2698975027327136E+00
  0.2095129486071668E+00
  0.1483178295849522E+00
  0.8654889769336127E-01
  0.2444512493020677E-01
 -0.3775322127241575E-01
 -0.9980550759614844E-01
 -0.1614716657999275E+00
 -0.2225131214973733E+00
 -0.2826937171547463E+00
 -0.3417806257385626E+00
 -0.3995452514781577E+00
 -0.4557641142583176E+00
 -0.5102197142204239E+00
 -0.5627013732271606E+00
 -0.6130060499352933E+00
 -0.6609391253231862E+00
 -0.7063151556339891E+00
 -0.7489585898215033E+00
 -0.7887044487230787E+00
 -0.8253989633319438E+00
 -0.8589001696996169E+00
 -0.8890784581668442E+00
 -0.9158170747981963E+00
 -0.9390125730803591E+00
 -0.9585752141366012E+00
 -0.9744293139090581E+00
 -0.9865135359656492E+00
