           BREAK
 -0.8138784642384158E+00
 -0.8484268403548482E+00
 -0.8796928176596048E+00
 -0.9075554342371598E+00
 -0.9319068950840345E+00
 -0.9526529891572937E+00
 -0.9697134538658104E+00
 -0.9830222855952392E+00
 -0.9925279950661173E+00
 -0.9981938065377228E+00
 -0.9999978000873777E+00
 -0.9979329964150226E+00
 -0.9920073838451354E+00
 -0.9822438874216477E+00
 -0.9686802802154946E+00
 -0.9513690371879840E+00
 -0.9303771321753770E+00
 -0.9057857787801284E+00
 -0.8776901161712338E+00
 -0.8461988410092645E+00
 -0.8114337869201024E+00
 -0.7735294531443098E+00
 -0.7326324841856965E+00
 -0.6889011024722224E+00
 -0.6425044962241634E+00
 -0.5936221648977540E+00
 -0.5424432247366625E+00
 -0.4891656771179838E+00
 -0.4339956425233754E+00
 -0.3771465630989574E+00
 -0.3188383768891123E+00
 -0.2592966669389197E+00
 -0.1987517885571759E+00
 -0.1374379781164569E+00
 -0.7559244683809542E-01
 -0.1345446306805009E-01
  0.4873557340584484E-01
  0.1107370614139563E+00
  0.1723101292440359E+00
  0.2332165626582753E+00
  0.2932207264979166E+00
  0.3520904763099048E+00
  0.4095980564686766E+00
  0.4655209813184343E+00
  0.5196428959269223E+00
  0.5717544131206332E+00
  0.6216539235631021E+00
  0.6691483757422642E+00
  0.7140540228492531E+00
  0.7561971336591055E+00
  0.7954146646631218E+00
  0.8315548908525278E+00
  0.8644779927130571E+00
  0.8940565971594892E+00
  0.9201762703173737E+00
  0.9427359602454580E+00
  0.9616483878860179E+00
  0.9768403847305760E+00
  0.9882531758946461E+00
  0.9958426075063461E+00
  0.9995793175291471E+00
  0.9994488493578911E+00
  0.9954517077485868E+00
  0.9876033568656074E+00
  0.9759341604538423E+00
  0.9604892643672669E+00
  0.9413284219084035E+00
  0.9185257626544037E+00
  0.8921695056641121E+00
  0.8623616181756686E+00
  0.8292174211150709E+00
  0.7928651429419179E+00
  0.7534454235584044E+00
  0.7111107702008675E+00
  0.6660249674189140E+00
  0.6183624434248137E+00
  0.5683075952646356E+00
  0.5160540754218973E+00
  0.4618040426137244E+00
  0.4057673796780514E+00
  0.3481608815776929E+00
  0.2892074166627457E+00
  0.2291350644362422E+00
  0.1681762331588619E+00
  0.1065667607065137E+00
  0.4454500215941894E-01
 -0.1764909234739863E-01
 -0.7977490594456312E-01
 -0.1415920859282746E+00
 -0.2028614736382273E+00
 -0.2633460297160035E+00
 -0.3228117511643011E+00
 -0.3810285766590779E+00
 -0.4377712766121117E+00
 -0.4928203245405268E+00
 -0.5459627463721137E+00
 -0.5969929444006334E+00
 -0.6457134927034049E+00
 -0.6919359009438517E+00
 -0.7354813436039879E+00
